20120418ascii.txt
ncols         249
nrows         204
xllcorner     311841,08967967
yllcorner     4517928,2895771
cellsize      0,7
NODATA_value  -9999
[rows 96 to 127 of 204, columns 73 to 145 of 249]
-9999 -9999 -9999 -9999 -9999 -9999 -9999 -9999 -9999 -9999 -9999 -9999 0,6298992 0,7527273 0,7947364 0,8721752 0,9963021 1,039572 1,114074 1,207369 1,28524 1,311769 1,303651 1,275166 1,248976 1,284744 1,323594 1,322662 1,362718 1,415786 1,464229 1,534068 1,619644 1,70829 1,811685 1,905606 1,965473 1,982552 1,976159 1,940304 1,877386 1,808006 1,710743 1,637467 1,584853 1,537799 1,475396 1,337815 1,192994 1,091009 0,9884819 0,9028083 0,8423178 0,8041536 0,8260658 0,8529884 0,8940123 0,9516534 0,9864504 1,02387 1,05711 1,128988 1,194814 1,236503 1,283162 1,3342 1,376717 1,39761 1,407546 1,42356 1,402287 1,386296 1,300031
-9999 -9999 -9999 -9999 -9999 -9999 -9999 -9999 -9999 -9999 -9999 -9999 -9999 0,7161599 0,8193718 0,9026461 0,9734175 0,9975948 1,082295 1,179771 1,264578 1,323855 1,310957 1,282351 1,251083 1,284074 1,30737 1,30436 1,340703 1,402212 1,469195 1,535645 1,614309 1,696278 1,819996 1,928698 1,986427 2,000275 1,989252 1,929534 1,864635 1,779508 1,688951 1,597399 1,517008 1,367026 1,209235 1,092531 0,9572572 0,8262576 0,7297859 0,7314379 0,7312723 0,7288836 0,730605 0,7332019 0,7152119 0,7241186 0,7414581 0,7782092 0,8244191 0,912138 0,9777403 1,037491 1,124219 1,176534 1,217023 1,252956 1,225815 1,220095 1,205808 1,156873 1,112639
-9999 -9999 -9999 -9999 -9999 -9999 -9999 -9999 -9999 -9999 -9999 -9999 -9999 0,6754863 0,7830486 0,8821864 0,9224834 0,958735 1,048569 1,14325 1,234334 1,293553 1,305397 1,273955 1,248991 1,259437 1,278621 1,291782 1,339719 1,39304 1,4634 1,531921 1,600144 1,692487 1,804475 1,903715 1,970363 2,012062 1,992533 1,947402 1,850813 1,747999 1,653803 1,552366 1,326804 1,121889 0,9505651 0,8177785 0,7379675 0,7288507 0,7221406 0,7016521 0,6761813 0,6576082 0,6607918 0,6528652 0,6761429 0,689648 0,7065954 0,7253566 0,7398527 0,731422 0,7623872 0,8331839 0,9093778 0,9533001 1,02359 1,063854 1,081664 1,083241 1,055386 1,007517 0,92924
-9999 -9999 -9999 -9999 -9999 -9999 -9999 -9999 -9999 -9999 -9999 -9999 -9999 0,6317679 0,7148445 0,8043188 0,9087005 0,9515417 1,010379 1,095794 1,18288 1,240531 1,287292 1,272929 1,248706 1,255025 1,267622 1,280027 1,334042 1,383148 1,447886 1,521338 1,587414 1,675297 1,780045 1,873779 1,968221 2,007215 1,99468 1,934843 1,826613 1,732452 1,608769 1,354876 1,109916 0,9007449 0,7215126 0,7213499 0,7144486 0,6925994 0,6639534 0,6434649 0,6229765 0,602488 -9999 -9999 0,6113316 0,6280271 0,6447227 0,6614183 0,6781138 0,6948093 0,7115049 0,7275276 0,7240239 0,730051 0,8033143 0,8566524 0,9079096 0,9235271 0,9046758 0,880828 0,8369166
-9999 -9999 -9999 -9999 -9999 -9999 -9999 -9999 -9999 -9999 -9999 -9999 -9999 -9999 0,6761988 0,7645584 0,9030282 0,9700313 0,9686783 1,049454 1,131381 1,184222 1,244121 1,268426 1,258034 1,262111 1,267418 1,271528 1,319528 1,370445 1,431135 1,506632 1,574245 1,652852 1,75404 1,8552 1,960734 1,993691 2,001048 1,94658 1,861353 1,713911 1,441719 1,190357 0,9262063 0,7045797 0,6982903 0,6816265 0,6551099 0,6262546 0,6057662 -9999 -9999 -9999 -9999 -9999 -9999 -9999 -9999 -9999 -9999 0,6113316 0,6280271 0,6447227 0,6646507 0,6944314 0,730103 0,7266358 0,7384457 0,7711544 0,784049 0,8226388 0,7718752
-9999 -9999 -9999 -9999 -9999 -9999 -9999 -9999 -9999 -9999 -9999 -9999 -9999 -9999 0,657025 0,752959 0,915238 0,9350304 0,9232363 1,013556 1,080251 1,136444 1,197887 1,262949 1,264457 1,267572 1,268545 1,269519 1,29759 1,349538 1,414096 1,496891 1,572009 1,664359 1,751537 1,849091 1,940179 1,97561 2,011627 1,984853 1,874873 1,55698 1,299913 1,030642 0,7721018 0,7079106 0,675855 0,6417686 0,6097916 -9999 -9999 -9999 -9999 -9999 -9999 -9999 -9999 -9999 -9999 -9999 -9999 -9999 -9999 -9999 -9999 -9999 0,6314517 0,6752008 0,7189499 0,7003886 0,732851 0,7390192 0,7538656
-9999 -9999 -9999 -9999 -9999 -9999 -9999 -9999 -9999 -9999 -9999 -9999 -9999 -9999 0,6407968 0,7372504 0,8534662 0,9196405 0,914012 0,9703267 1,041927 1,097438 1,151326 1,212222 1,262678 1,270104 1,277959 1,274951 1,288932 1,325034 1,393126 1,486987 1,585554 1,683348 1,775163 1,878952 1,93974 1,991508 2,024745 2,015273 1,75787 1,421498 1,09984 0,8705687 0,705864 0,6845458 0,653285 0,6220241 -9999 -9999 -9999 -9999 -9999 -9999 -9999 -9999 -9999 -9999 -9999 -9999 -9999 -9999 -9999 -9999 -9999 -9999 -9999 0,6077343 0,647707 0,6876796 0,7064261 0,7016874 0,7066625
-9999 -9999 -9999 -9999 -9999 -9999 -9999 -9999 -9999 -9999 -9999 -9999 -9999 -9999 -9999 0,7230237 0,8182905 0,8361586 0,8716483 0,904401 0,9891013 1,060279 1,111889 1,153463 1,220719 1,254459 1,297621 1,285411 1,27474 1,304299 1,371627 1,481084 1,593187 1,708475 1,815217 1,913613 1,969916 2,016708 2,045323 1,995751 1,645723 1,298989 0,9667564 0,6860154 0,6946087 0,6655174 0,6342567 0,6029958 -9999 -9999 -9999 -9999 -9999 -9999 -9999 -9999 -9999 -9999 -9999 -9999 -9999 -9999 -9999 -9999 -9999 -9999 -9999 -9999 -9999 0,626545 0,6654631 0,6803443 0,6791108
-9999 -9999 -9999 -9999 -9999 -9999 -9999 -9999 -9999 -9999 -9999 -9999 -9999 -9999 -9999 0,7100411 0,794349 0,8021651 0,8276688 0,8765889 0,946777 1,018093 1,057571 1,094338 1,169898 1,227292 1,284533 1,299734 1,275319 1,284544 1,370902 1,48017 1,599605 1,73789 1,849806 1,927249 1,98557 2,04297 2,073586 1,914547 1,558161 1,201775 0,8456578 0,6796871 0,6722697 0,6464891 0,6152283 -9999 -9999 -9999 -9999 -9999 -9999 -9999 -9999 -9999 -9999 -9999 -9999 -9999 -9999 -9999 -9999 -9999 -9999 -9999 -9999 -9999 -9999 -9999 0,605383 0,6392069 0,6923619
-9999 -9999 -9999 -9999 -9999 -9999 -9999 -9999 -9999 -9999 -9999 -9999 -9999 -9999 -9999 0,7065828 0,7463177 0,7734559 0,8091506 0,8495599 0,910313 0,9662174 1,003478 1,056625 1,121508 1,176793 1,247392 1,292406 1,288964 1,299552 1,370796 1,479629 1,608305 1,749338 1,853594 1,935493 2,003506 2,042601 2,078829 1,833071 1,498844 1,164617 0,8298916 0,6956169 0,6480397 0,6269144 -9999 -9999 -9999 -9999 -9999 -9999 -9999 -9999 -9999 -9999 -9999 -9999 -9999 -9999 -9999 -9999 -9999 -9999 -9999 -9999 -9999 -9999 -9999 -9999 -9999 -9999 -9999
-9999 -9999 -9999 -9999 -9999 -9999 -9999 -9999 -9999 -9999 -9999 -9999 -9999 -9999 -9999 -9999 0,7339878 0,7503445 0,7838097 0,8204666 0,8723944 0,9131465 0,9698365 1,025246 1,080164 1,142069 1,219138 1,279345 1,307654 1,33148 1,404653 1,492923 1,614492 1,743556 1,85275 1,95225 2,008926 2,036652 2,026642 1,712572 1,398502 1,06572 0,7684016 0,7162983 0,6687723 0,6212463 -9999 -9999 -9999 -9999 -9999 -9999 -9999 -9999 -9999 -9999 -9999 -9999 -9999 -9999 -9999 -9999 -9999 -9999 -9999 -9999 -9999 -9999 -9999 -9999 -9999 -9999 -9999
-9999 -9999 -9999 -9999 -9999 -9999 -9999 -9999 -9999 -9999 -9999 -9999 -9999 -9999 -9999 -9999 0,6491085 0,7277626 0,7937719 0,780601 0,8147949 0,8613219 0,9224061 0,9855717 1,043491 1,112181 1,178538 1,239262 1,286568 1,347234 1,433223 1,499251 1,608967 1,733534 1,840966 1,941922 2,009773 2,035437 1,931905 1,623959 1,314214 0,9895 0,7797497 0,7346701 0,6768618 0,6084647 -9999 -9999 -9999 -9999 -9999 -9999 -9999 -9999 -9999 -9999 -9999 -9999 -9999 -9999 -9999 -9999 -9999 -9999 -9999 -9999 -9999 -9999 -9999 -9999 -9999 -9999 -9999
-9999 -9999 -9999 -9999 -9999 -9999 -9999 -9999 -9999 -9999 -9999 -9999 -9999 -9999 -9999 -9999 -9999 0,6597843 0,8042793 0,7642216 0,7507782 0,8077335 0,8703794 0,9377446 1,002014 1,064606 1,129017 1,188514 1,266255 1,381231 1,459693 1,514515 1,629755 1,732408 1,829603 1,922705 1,996195 2,03771 1,85897 1,549709 1,240449 0,9311879 0,7821261 0,7323844 0,6744146 -9999 -9999 -9999 -9999 -9999 -9999 -9999 -9999 -9999 -9999 -9999 -9999 -9999 -9999 -9999 -9999 -9999 -9999 -9999 -9999 -9999 -9999 -9999 -9999 -9999 -9999 -9999 -9999
-9999 -9999 -9999 -9999 -9999 -9999 -9999 -9999 -9999 -9999 -9999 -9999 -9999 -9999 -9999 -9999 -9999 -9999 0,6961624 0,7259793 0,730467 0,7646936 0,8209538 0,8874734 0,9587742 1,022826 1,088979 1,149636 1,236264 1,356221 1,454227 1,537286 1,640008 1,732732 1,820544 1,906941 1,969881 2,020541 1,764673 1,460455 1,152998 0,8512138 0,7782509 0,7327512 0,6539999 -9999 -9999 -9999 -9999 -9999 -9999 -9999 -9999 -9999 -9999 -9999 -9999 -9999 -9999 -9999 -9999 -9999 -9999 -9999 -9999 -9999 -9999 -9999 -9999 -9999 -9999 -9999 -9999
-9999 -9999 -9999 -9999 -9999 -9999 -9999 -9999 -9999 -9999 -9999 -9999 -9999 -9999 -9999 -9999 -9999 -9999 0,6238914 0,6654619 0,7012679 0,7312708 0,7808583 0,8429691 0,9249235 1,010352 1,067213 1,126552 1,217139 1,343265 1,445513 1,539036 1,636163 1,728358 1,806386 1,885884 1,936264 1,961112 1,659877 1,358641 1,064262 0,8378146 0,7702762 0,71999 0,6335091 -9999 -9999 -9999 -9999 -9999 -9999 -9999 -9999 -9999 -9999 -9999 -9999 -9999 -9999 -9999 -9999 -9999 -9999 -9999 -9999 -9999 -9999 -9999 -9999 -9999 -9999 -9999 -9999
-9999 -9999 -9999 -9999 -9999 -9999 -9999 -9999 -9999 -9999 -9999 -9999 -9999 -9999 -9999 -9999 -9999 -9999 -9999 0,632626 0,689126 0,7379842 0,771867 0,8231282 0,8941244 0,97185 1,02566 1,10131 1,214292 1,339161 1,452174 1,545137 1,637529 1,721627 1,786832 1,854964 1,910862 1,887978 1,6125 1,333655 1,054119 0,8321894 0,742076 0,6995352 0,6130182 -9999 -9999 -9999 -9999 -9999 -9999 -9999 -9999 -9999 -9999 -9999 -9999 -9999 -9999 -9999 -9999 -9999 -9999 -9999 -9999 -9999 -9999 -9999 -9999 -9999 -9999 -9999 -9999
-9999 -9999 -9999 -9999 -9999 -9999 -9999 -9999 -9999 -9999 -9999 -9999 -9999 -9999 -9999 -9999 -9999 -9999 -9999 -9999 0,6523187 0,7111342 0,7653518 0,8059916 0,8596482 0,927311 0,9941899 1,120108 1,233666 1,344649 1,4469 1,555306 1,652032 1,719738 1,781479 1,84442 1,894928 1,824851 1,546018 1,275783 1,004026 0,794916 0,7508574 0,6790444 -9999 -9999 -9999 -9999 -9999 -9999 -9999 -9999 -9999 -9999 -9999 -9999 -9999 -9999 -9999 -9999 -9999 -9999 -9999 -9999 -9999 -9999 -9999 -9999 -9999 -9999 -9999 -9999 -9999
0,6550158 0,6419167 0,6288176 0,6157185 0,6051515 -9999 -9999 -9999 -9999 -9999 -9999 -9999 -9999 -9999 -9999 -9999 -9999 -9999 -9999 -9999 0,613196 0,6720114 0,751352 0,7994316 0,8494713 0,9093857 0,9849782 1,113811 1,242315 1,352973 1,466793 1,578673 1,658525 1,722284 1,789115 1,841292 1,888794 1,761614 1,479627 1,197641 0,9156551 0,8002167 0,7549376 0,6585535 -9999 -9999 -9999 -9999 -9999 -9999 -9999 -9999 -9999 -9999 -9999 -9999 -9999 -9999 -9999 -9999 -9999 -9999 -9999 -9999 -9999 -9999 -9999 -9999 -9999 -9999 -9999 -9999 -9999
0,7348403 0,7068549 0,6803262 0,6674758 0,6661162 0,6625979 0,6614474 0,6815123 0,7016691 0,7069757 -9999 -9999 -9999 -9999 0,6158227 -9999 -9999 -9999 -9999 -9999 -9999 0,6328887 0,7202234 0,7885302 0,8179564 0,8961833 0,966938 1,103615 1,227858 1,342981 1,46082 1,566714 1,656282 1,723929 1,78608 1,851064 1,86546 1,659612 1,367776 1,161068 0,8958617 0,7882473 0,7324661 0,6380626 -9999 -9999 -9999 -9999 -9999 -9999 -9999 -9999 -9999 -9999 -9999 -9999 -9999 -9999 -9999 -9999 -9999 -9999 -9999 -9999 -9999 -9999 -9999 -9999 -9999 -9999 -9999 -9999 -9999
0,7984145 0,7605463 0,7380694 0,7281741 0,7277907 0,7284024 0,7219728 0,704958 0,745806 0,7364061 0,675171 0,627211 -9999 0,6690802 0,6771364 0,6460316 -9999 -9999 -9999 -9999 -9999 -9999 0,6683394 0,744629 0,7985153 0,8460608 0,9377064 1,079947 1,197142 1,327408 1,450858 1,551356 1,645259 1,722577 1,769219 1,794172 1,826623 1,56699 1,264642 0,9622931 0,868498 0,7731752 0,7008359 0,6175717 -9999 -9999 -9999 -9999 -9999 -9999 -9999 -9999 -9999 -9999 -9999 -9999 -9999 -9999 -9999 -9999 -9999 -9999 -9999 -9999 -9999 -9999 -9999 -9999 -9999 -9999 -9999 -9999 -9999
0,8911006 0,8705256 0,8506137 0,8148917 0,8023863 0,7935276 0,7646753 0,7402 0,7265916 0,7173448 0,6904367 0,6912689 0,6864615 0,7099723 0,7591817 0,714618 0,6635203 0,6196726 -9999 -9999 -9999 -9999 0,6172141 0,6966003 0,7768719 0,8271241 0,914416 1,047087 1,162067 1,300959 1,436638 1,514974 1,639385 1,706803 1,736104 1,759825 1,766029 1,506087 1,216024 0,9220091 0,8173907 0,7566372 0,6783293 -9999 -9999 -9999 -9999 -9999 -9999 -9999 -9999 -9999 -9999 -9999 -9999 -9999 -9999 -9999 -9999 -9999 -9999 -9999 -9999 -9999 -9999 -9999 -9999 -9999 -9999 -9999 -9999 -9999 -9999
1,061876 1,025432 0,9853427 0,9270706 0,8831288 0,8589426 0,8294785 0,8037013 0,7756878 0,7511663 0,7542202 0,7535151 0,7460008 0,7384561 0,7404795 0,7537025 0,721098 0,6916639 0,6776834 0,6595824 0,6636888 0,6298031 0,617829 0,6580967 0,7522417 0,8214164 0,8888376 0,9972168 1,113052 1,242657 1,405701 1,474345 1,599029 1,663141 1,690498 1,694012 1,692123 1,418552 1,146699 0,8748466 0,7719831 0,7249297 0,6523027 -9999 -9999 -9999 -9999 -9999 -9999 -9999 -9999 -9999 -9999 -9999 -9999 -9999 -9999 -9999 -9999 -9999 -9999 -9999 -9999 -9999 -9999 -9999 -9999 -9999 -9999 -9999 -9999 -9999 -9999
1,196549 1,168219 1,130002 1,073495 1,010651 0,9445232 0,9024652 0,8628967 0,8448795 0,8340583 0,8284725 0,8150557 0,8020841 0,7892663 0,7845006 0,8043944 0,7933072 0,7762396 0,7563645 0,7384391 0,735283 0,7038856 0,7058192 0,6867976 0,7245383 0,7949045 0,8501104 0,94399 1,065544 1,186473 1,319199 1,433351 1,55065 1,62043 1,635781 1,63301 1,619535 1,345518 1,057629 0,8289627 0,7748346 0,7134438 0,6394223 -9999 -9999 -9999 -9999 -9999 -9999 -9999 -9999 -9999 -9999 -9999 -9999 -9999 -9999 -9999 -9999 -9999 -9999 -9999 -9999 -9999 -9999 -9999 -9999 -9999 -9999 -9999 -9999 -9999 -9999
1,238867 1,235306 1,227593 1,214144 1,133646 1,04753 1,005938 0,9652116 0,9346091 0,9257588 0,9224036 0,8958159 0,90914 0,9050562 0,889765 0,8973699 0,8976114 0,8811776 0,8389624 0,8287807 0,8132015 0,7602249 0,7177789 0,7076254 0,730776 0,7673326 0,8252872 0,9050311 1,016897 1,128619 1,246813 1,394965 1,499846 1,567906 1,590698 1,576006 1,538559 1,308259 1,019948 0,7964934 0,7482799 0,7005001 0,6204671 -9999 -9999 -9999 -9999 -9999 -9999 -9999 -9999 -9999 -9999 -9999 -9999 -9999 -9999 -9999 -9999 -9999 -9999 -9999 -9999 -9999 -9999 -9999 -9999 -9999 -9999 -9999 -9999 -9999 -9999
1,249143 1,257807 1,261572 1,258058 1,21248 1,171706 1,133131 1,095013 1,061451 1,045715 1,025731 1,014 1,008043 0,997684 0,999302 0,9979799 0,9899482 0,9885732 0,9688631 0,9437874 0,9163559 0,8974211 0,8669569 0,8116291 0,7424605 0,7677559 0,82136 0,8919713 0,9801362 1,092438 1,235065 1,355354 1,452477 1,535173 1,547827 1,520665 1,470731 1,274037 0,9776659 0,799062 0,7630681 0,7219031 0,6015119 -9999 -9999 -9999 -9999 -9999 -9999 -9999 -9999 -9999 -9999 -9999 -9999 -9999 -9999 -9999 -9999 -9999 -9999 -9999 -9999 -9999 -9999 -9999 -9999 -9999 -9999 -9999 -9999 -9999 -9999
1,232169 1,249393 1,258021 1,258343 1,255562 1,24825 1,222531 1,201263 1,173647 1,155502 1,133394 1,108415 1,119003 1,113168 1,105627 1,090808 1,073116 1,061382 1,033183 1,02804 1,016301 0,9996615 0,9674466 0,9034714 0,8572579 0,8081869 0,8418359 0,9041287 0,9739342 1,061706 1,216332 1,318331 1,411331 1,491934 1,508518 1,47609 1,420081 1,242484 0,9589014 0,7912984 0,7560135 0,719387 -9999 -9999 -9999 -9999 -9999 -9999 -9999 -9999 -9999 -9999 -9999 -9999 -9999 -9999 -9999 -9999 -9999 -9999 -9999 -9999 -9999 -9999 -9999 -9999 -9999 -9999 -9999 -9999 -9999 -9999 -9999
1,187503 1,201774 1,213777 1,239148 1,24275 1,259852 1,263104 1,259097 1,25793 1,256878 1,259844 1,250111 1,235751 1,224676 1,21421 1,179382 1,157942 1,129721 1,103741 1,090486 1,075174 1,058059 1,034851 0,9878424 0,9603614 0,9138816 0,873629 0,9252199 0,9920384 1,060387 1,184936 1,305017 1,388679 1,439282 1,463681 1,436095 1,373127 1,122281 0,8948082 0,7736677 0,7446724 0,6684198 -9999 -9999 -9999 -9999 -9999 -9999 -9999 -9999 -9999 -9999 -9999 -9999 -9999 -9999 -9999 -9999 -9999 -9999 -9999 -9999 -9999 -9999 -9999 -9999 -9999 -9999 -9999 -9999 -9999 -9999 -9999
1,153455 1,160999 1,174844 1,204923 1,226863 1,267318 1,291817 1,294796 1,302472 1,320473 1,330819 1,332884 1,323129 1,318419 1,280141 1,256665 1,243143 1,220475 1,195082 1,171566 1,147264 1,120741 1,087301 1,056685 1,015893 0,9697316 0,962131 0,9605495 0,9944322 1,06419 1,16281 1,272547 1,364047 1,403471 1,427893 1,394748 1,327182 1,127405 0,8928991 0,7582213 0,730812 0,6640688 -9999 -9999 -9999 -9999 -9999 -9999 -9999 -9999 -9999 -9999 -9999 -9999 -9999 -9999 -9999 -9999 -9999 -9999 -9999 -9999 -9999 -9999 -9999 -9999 -9999 -9999 -9999 -9999 -9999 -9999 -9999
1,113371 1,124835 1,140932 1,165305 1,195623 1,255817 1,300218 1,300258 1,327949 1,338546 1,347275 1,352235 1,360524 1,367464 1,356314 1,332745 1,304157 1,271871 1,252454 1,232921 1,21384 1,184297 1,149978 1,118418 1,071191 1,019258 0,9855422 0,986355 1,009394 1,073985 1,158323 1,246796 1,328333 1,372827 1,392223 1,346559 1,247293 1,116881 0,8673624 0,7653987 0,7278906 0,6597177 -9999 -9999 -9999 -9999 -9999 -9999 -9999 -9999 -9999 -9999 -9999 -9999 -9999 -9999 -9999 -9999 -9999 -9999 -9999 -9999 -9999 -9999 -9999 -9999 -9999 -9999 -9999 -9999 -9999 -9999 -9999
1,074985 1,092531 1,115286 1,129869 1,155077 1,218882 1,278973 1,308886 1,340313 1,345842 1,345123 1,344506 1,367507 1,375277 1,370106 1,357204 1,32732 1,301252 1,281949 1,266276 1,253123 1,22254 1,206773 1,175436 1,120915 1,059334 1,033354 1,02749 1,025058 1,090951 1,156614 1,22263 1,295488 1,346121 1,342077 1,310346 1,218254 1,036058 0,8675653 0,7717634 0,7227324 0,6553667 -9999 -9999 -9999 -9999 -9999 -9999 -9999 -9999 -9999 -9999 -9999 -9999 -9999 -9999 -9999 -9999 -9999 -9999 -9999 -9999 -9999 -9999 -9999 -9999 -9999 -9999 -9999 -9999 -9999 -9999 -9999
1,026956 1,059855 1,091472 1,11349 1,1303 1,176563 1,230479 1,269566 1,304654 1,32305 1,33435 1,34521 1,360249 1,371547 1,367478 1,359635 1,341632 1,309995 1,290821 1,274644 1,263345 1,244055 1,219216 1,199501 1,145721 1,094618 1,065512 1,061263 1,056594 1,07309 1,125137 1,182337 1,250432 1,273948 1,271425 1,201781 1,138743 1,021352 0,881646 0,7686868 0,7253212 0,6510156 -9999 -9999 -9999 -9999 -9999 -9999 -9999 -9999 -9999 -9999 -9999 -9999 -9999 -9999 -9999 -9999 -9999 -9999 -9999 -9999 -9999 -9999 -9999 -9999 -9999 -9999 -9999 -9999 -9999 -9999 -9999
0,9843166 1,003058 1,0292 1,05403 1,080658 1,123842 1,186272 1,236727 1,276969 1,303596 1,312802 1,322687 1,33864 1,353008 1,356492 1,35538 1,341327 1,306671 1,280791 1,26315 1,249239 1,230518 1,195468 1,17768 1,139439 1,095399 1,04871 1,059423 1,055741 1,047238 1,083323 1,122129 1,177692 1,22034 1,20995 1,166276 1,086665 1,007967 0,8834721 0,7867815 0,7454026 0,6424962 -9999 -9999 -9999 -9999 -9999 -9999 -9999 -9999 -9999 -9999 -9999 -9999 -9999 -9999 -9999 -9999 -9999 -9999 -9999 -9999 -9999 -9999 -9999 -9999 -9999 -9999 -9999 -9999 -9999 -9999 -9999
