20120418ascii.txt
ncols         249
nrows         204
xllcorner     311841,08967967
yllcorner     4517928,2895771
cellsize      0,7
NODATA_value  -9999
[rows 64 to 95 of 204, columns 73 to 145 of 249]
-9999 -9999 -9999 -9999 -9999 -9999 -9999 -9999 -9999 -9999 -9999 -9999 -9999 -9999 -9999 -9999 -9999 -9999 -9999 -9999 -9999 -9999 -9999 -9999 0,6094238 0,6284994 0,6343596 0,6224239 0,6086714 -9999 -9999 -9999 -9999 -9999 -9999 -9999 -9999 -9999 -9999 -9999 -9999 0,6201829 0,6641886 0,7185682 0,7736912 0,8266212 0,8691976 0,8993949 0,9358798 0,9746779 1,011937 1,044878 1,061547 1,081031 1,103225 1,123362 1,141776 1,153001 1,156253 1,169352 1,182659 1,182119 1,175722 1,141302 1,106883 1,104103 1,117692 1,127156 1,193888 1,240979 1,279517 1,328775 1,396225
-9999 -9999 -9999 -9999 -9999 -9999 -9999 -9999 -9999 -9999 -9999 -9999 -9999 -9999 -9999 -9999 -9999 -9999 -9999 -9999 0,6176519 0,6579788 0,6801362 0,7025572 0,7088074 0,6845896 0,7028993 0,7222058 0,7324432 0,7016119 0,6670644 0,6487937 0,6279316 -9999 -9999 -9999 -9999 -9999 -9999 -9999 -9999 -9999 -9999 0,6345895 0,6940619 0,7356096 0,7874498 0,8442463 0,8782335 0,9119899 0,9287475 0,9546344 0,9792542 1,002707 1,024171 1,037831 1,047529 1,061781 1,073141 1,058212 1,046457 1,045768 1,045288 1,004406 0,9715509 1,007627 1,0911 1,161683 1,223072 1,259333 1,312843 1,349112 1,390884
-9999 -9999 -9999 -9999 -9999 -9999 -9999 -9999 -9999 -9999 -9999 -9999 -9999 -9999 -9999 -9999 -9999 -9999 -9999 0,660247 0,7267511 0,7468205 0,7598526 0,7753977 0,7622811 0,7701727 0,7995077 0,7838719 0,7707731 0,7455614 0,7271991 0,7131792 0,7039721 0,6798931 0,650954 0,6218826 -9999 -9999 -9999 -9999 -9999 -9999 -9999 -9999 -9999 0,6399942 0,7375032 0,8020437 0,8210899 0,8375033 0,8576121 0,8724923 0,8881603 0,9102082 0,9318812 0,9386854 0,9477252 0,9557672 0,9591197 0,9455034 0,9336427 0,9216474 0,9078773 0,8722126 0,9223039 0,9946001 1,066677 1,142001 1,154225 1,277398 1,333195 1,390765 1,405483
-9999 -9999 -9999 -9999 -9999 -9999 -9999 -9999 -9999 -9999 -9999 -9999 -9999 -9999 -9999 -9999 -9999 -9999 0,6599874 0,7207414 0,7451758 0,7575463 0,7909008 0,8162602 0,8239569 0,8587921 0,8728775 0,8587027 0,8445823 0,8223288 0,8009489 0,7740167 0,7632638 0,7405251 0,7353418 0,7288903 0,6861916 0,6536475 0,6275889 -9999 -9999 -9999 -9999 -9999 -9999 -9999 -9999 0,6786969 0,7572218 0,7789741 0,7819176 0,8050292 0,821898 0,837002 0,8505393 0,8620692 0,8721297 0,8715848 0,8675361 0,8538865 0,841242 0,8329587 0,8203159 0,8368853 0,931891 0,9822923 1,050835 1,126303 1,243867 1,339471 1,369477 1,404167 1,437547
-9999 -9999 -9999 -9999 -9999 -9999 -9999 -9999 -9999 -9999 -9999 -9999 -9999 -9999 -9999 -9999 -9999 -9999 0,7096921 0,7439462 0,7735133 0,8195925 0,8490965 0,8673824 0,8796762 0,9006785 0,9224535 0,9285879 0,9283131 0,9282717 0,8952233 0,8759497 0,834904 0,8038913 0,7582593 0,749041 0,7374923 0,7563998 0,735144 0,7040725 0,666795 0,6479093 0,6516135 0,6438373 0,6496252 0,6340022 -9999 -9999 -9999 0,6553087 0,7161261 0,7328373 0,7777102 0,7965162 0,7749515 0,7931457 0,8112426 0,8102337 0,8054411 0,799664 0,7719012 0,7717121 0,7828742 0,8372697 0,955609 1,086245 1,177507 1,224334 1,334063 1,385633 1,405462 1,421337 1,436966
-9999 -9999 -9999 -9999 -9999 -9999 -9999 -9999 -9999 -9999 -9999 -9999 -9999 -9999 -9999 -9999 -9999 0,6353381 0,719998 0,7664624 0,8064435 0,8436741 0,8775762 0,8952539 0,8899863 0,9166554 0,9438445 0,9839749 1,011508 1,015473 1,022058 1,023026 0,9781117 0,9257834 0,8592287 0,8117246 0,7665809 0,7798717 0,7773971 0,7656773 0,7331949 0,7163715 0,7375903 0,767033 0,7741022 0,7571771 0,7473962 0,7348139 0,6464536 -9999 -9999 -9999 0,644537 0,6890211 0,7218309 0,7118238 0,7517662 0,7574879 0,7581902 0,7609527 0,7583477 0,7594954 0,7784134 0,8499791 0,9512851 1,052106 1,145847 1,274167 1,372112 1,433667 1,451278 1,450556 1,433739
-9999 -9999 -9999 -9999 -9999 -9999 -9999 -9999 -9999 -9999 -9999 -9999 -9999 -9999 -9999 -9999 -9999 0,6658835 0,732398 0,7727504 0,8049285 0,8464511 0,921447 0,970588 0,9887435 0,9773756 0,9906712 1,026302 1,077912 1,094372 1,112899 1,123251 1,111928 1,061563 1,007442 0,9461293 0,9027132 0,8598962 0,8386548 0,8175134 0,7936096 0,7664269 0,7633784 0,7671604 0,7511693 0,7599517 0,7764968 0,7812958 0,7663655 0,7185867 0,6597547 0,6028191 -9999 -9999 -9999 0,6217008 0,6683154 0,7199488 0,728346 0,7379628 0,7501413 0,7627064 0,7733348 0,8080631 0,9287242 1,060981 1,187432 1,310511 1,364334 1,297347 1,373372 1,405641 1,413599
-9999 -9999 -9999 -9999 -9999 -9999 -9999 -9999 -9999 -9999 -9999 -9999 -9999 -9999 -9999 -9999 0,619702 0,6904358 0,7340811 0,7829905 0,8139803 0,8645738 0,9641932 0,9663722 1,008735 1,060519 1,093964 1,121454 1,154755 1,169399 1,171931 1,202667 1,22177 1,201805 1,153607 1,101939 1,046418 1,003847 0,9531834 0,9292656 0,9082954 0,868137 0,8527777 0,8384743 0,8155977 0,8259225 0,8368753 0,8058897 0,7955703 0,7918791 0,7791907 0,7604612 0,7100112 0,6933084 0,6857864 0,675483 0,7144973 0,7403455 0,7263266 0,7347233 0,732924 0,746094 0,7902374 0,8306664 0,9024181 1,055703 1,196821 1,257391 1,295543 1,310624 1,347547 1,364787 1,367258
-9999 -9999 -9999 -9999 -9999 -9999 -9999 -9999 -9999 -9999 -9999 -9999 -9999 -9999 -9999 -9999 0,658902 0,7224177 0,7604558 0,7964039 0,8362532 0,8800911 0,9559964 0,9736801 1,004897 1,067462 1,149454 1,211103 1,246042 1,253062 1,258029 1,258482 1,302034 1,3158 1,266121 1,222289 1,178249 1,147626 1,113394 1,086323 1,087704 1,050841 1,008724 0,9789243 0,9409208 0,9246376 0,9349531 0,9033628 0,8883837 0,8757163 0,8576269 0,8443121 0,8258044 0,8116707 0,7964965 0,7829571 0,774572 0,7772378 0,7773747 0,7587603 0,7655308 0,7909576 0,8384029 0,8691308 0,9142513 1,070635 1,175261 1,241827 1,284256 1,28052 1,302119 1,338706 1,343304
-9999 -9999 -9999 -9999 -9999 -9999 -9999 -9999 -9999 -9999 -9999 -9999 -9999 -9999 -9999 0,6062064 0,6973486 0,7557269 0,7999076 0,8132304 0,8539838 0,9131753 0,9687306 1,012799 1,064924 1,169076 1,197949 1,254431 1,311549 1,320595 1,294778 1,317359 1,351438 1,391507 1,372845 1,333876 1,293321 1,273031 1,244183 1,26911 1,260704 1,233829 1,179459 1,125093 1,078201 1,052384 1,033382 1,020331 1,002796 0,9937566 0,995372 0,9937762 0,9799685 0,9521239 0,9233447 0,8999938 0,8738657 0,8794914 0,8894867 0,8708789 0,8542042 0,8531667 0,8957657 0,9159423 0,9491096 1,068863 1,150509 1,161021 1,146871 1,200144 1,243318 1,280655 1,316847
-9999 -9999 -9999 -9999 -9999 -9999 -9999 -9999 -9999 -9999 -9999 -9999 -9999 -9999 -9999 0,6457937 0,7324368 0,7786987 0,8226156 0,8447819 0,8927818 0,9537994 1,011892 1,063972 1,13493 1,219724 1,336843 1,32972 1,322919 1,34455 1,347725 1,349729 1,384792 1,422245 1,437728 1,413803 1,399316 1,370277 1,355995 1,348004 1,350257 1,331675 1,289938 1,231733 1,188122 1,143705 1,092808 1,088872 1,088052 1,081858 1,099924 1,117989 1,104326 1,08711 1,06787 1,041319 1,020969 1,015886 1,012638 1,011073 0,9910604 0,961841 0,9612956 0,97922 0,9984239 1,093916 1,100722 1,096102 1,092946 1,169075 1,190981 1,234904 1,277234
-9999 -9999 -9999 -9999 -9999 -9999 -9999 -9999 -9999 -9999 -9999 -9999 -9999 -9999 -9999 0,685381 0,7562983 0,8104834 0,867015 0,899339 0,9429883 1,00595 1,063026 1,116911 1,165914 1,231146 1,344208 1,413061 1,376475 1,363067 1,364509 1,38397 1,400058 1,41189 1,428414 1,453198 1,455508 1,441567 1,434982 1,423024 1,412531 1,401823 1,378241 1,3292 1,280191 1,229953 1,171616 1,175252 1,166674 1,168094 1,211662 1,240813 1,212363 1,184153 1,16254 1,14181 1,109089 1,102756 1,099291 1,10034 1,105065 1,067807 1,058502 1,064657 1,056571 1,112018 1,116279 1,086503 1,128 1,140984 1,147879 1,18155 1,219763
-9999 -9999 -9999 -9999 -9999 -9999 -9999 -9999 -9999 -9999 -9999 -9999 -9999 -9999 0,6322981 0,7067795 0,7635396 0,8452498 0,9131824 0,9743161 0,9925233 1,015653 1,088918 1,141809 1,20304 1,248 1,322875 1,363933 1,403262 1,421541 1,412354 1,409629 1,414689 1,424411 1,438496 1,465171 1,497035 1,486772 1,47895 1,468206 1,440689 1,433015 1,415515 1,386453 1,352862 1,31441 1,26488 1,263804 1,251964 1,239351 1,280407 1,302519 1,289869 1,211709 1,212136 1,19984 1,199657 1,181597 1,180628 1,176497 1,163307 1,165449 1,164296 1,157238 1,147424 1,138407 1,151807 1,173624 1,17353 1,124215 1,131021 1,167618 1,200398
-9999 -9999 -9999 -9999 -9999 -9999 -9999 -9999 -9999 -9999 -9999 -9999 -9999 -9999 0,6593446 0,71295 0,7745346 0,8619798 0,9891419 1,046292 1,035329 1,029897 1,109403 1,184394 1,226958 1,271372 1,331987 1,363097 1,393787 1,408527 1,420518 1,43352 1,447495 1,455383 1,460075 1,478386 1,484274 1,518934 1,515897 1,479968 1,450242 1,431441 1,420246 1,398897 1,374794 1,370516 1,354939 1,329501 1,312328 1,309978 1,335204 1,329746 1,312341 1,263377 1,277474 1,277175 1,278381 1,287921 1,274406 1,270769 1,251768 1,246442 1,250656 1,257566 1,23637 1,225508 1,231076 1,246253 1,232551 1,195701 1,179048 1,180518 1,204747
-9999 -9999 -9999 -9999 -9999 -9999 -9999 -9999 -9999 -9999 -9999 -9999 -9999 0,6124457 0,6738719 0,7352982 0,7970636 0,8789008 1,02925 1,080397 1,074922 1,068758 1,150406 1,23178 1,248301 1,308316 1,342084 1,366951 1,385621 1,409122 1,430936 1,446355 1,456997 1,463549 1,462717 1,482211 1,480532 1,498578 1,510674 1,495625 1,45106 1,427064 1,414619 1,391792 1,396727 1,395934 1,396055 1,396874 1,366407 1,357226 1,355036 1,364327 1,429743 1,363582 1,386208 1,382446 1,377931 1,414618 1,394391 1,359025 1,310629 1,30874 1,311186 1,321922 1,32395 1,306959 1,288142 1,295729 1,257834 1,203505 1,197276 1,205891 1,220123
-9999 -9999 -9999 -9999 -9999 -9999 -9999 -9999 -9999 -9999 -9999 -9999 -9999 0,6749602 0,7069927 0,7618508 0,8098875 0,9068063 1,052393 1,115522 1,114312 1,078111 1,161003 1,26827 1,285147 1,319164 1,339694 1,359211 1,372952 1,39056 1,407554 1,418685 1,446207 1,447291 1,451235 1,472997 1,479007 1,484338 1,494238 1,485455 1,461484 1,443781 1,424015 1,417952 1,42152 1,420495 1,419201 1,436291 1,407336 1,398354 1,355644 1,39377 1,442268 1,456424 1,462539 1,42796 1,43015 1,448583 1,412264 1,396805 1,369075 1,379024 1,353786 1,346824 1,364412 1,350242 1,338707 1,316027 1,266573 1,219117 1,229657 1,255005 1,289962
-9999 -9999 -9999 -9999 -9999 -9999 -9999 -9999 -9999 -9999 -9999 -9999 0,6776596 0,7429065 0,7541788 0,7753751 0,8388351 0,9621769 1,07429 1,141891 1,133774 1,114855 1,184339 1,279677 1,300001 1,326402 1,341798 1,348593 1,34995 1,361155 1,384761 1,397637 1,425887 1,429121 1,436683 1,447364 1,45684 1,470148 1,479955 1,475334 1,463584 1,466818 1,458809 1,453348 1,460768 1,44872 1,439759 1,460749 1,469434 1,458138 1,443461 1,416495 1,453025 1,451494 1,445186 1,430256 1,433249 1,441126 1,423037 1,409886 1,414853 1,410329 1,379327 1,389834 1,408758 1,418733 1,40662 1,3847 1,301596 1,244535 1,279589 1,317508 1,361209
-9999 -9999 -9999 -9999 -9999 -9999 -9999 -9999 -9999 -9999 -9999 0,6358321 0,7478769 0,7639846 0,7762282 0,7953295 0,8781446 1,013371 1,111096 1,141001 1,135323 1,162048 1,214275 1,253223 1,283721 1,327144 1,344729 1,348905 1,34695 1,336747 1,352799 1,37754 1,401807 1,407159 1,412317 1,424093 1,434214 1,455755 1,467781 1,462828 1,458392 1,465265 1,481025 1,488187 1,494609 1,509122 1,50666 1,499457 1,520219 1,549758 1,537466 1,48226 1,464874 1,456327 1,450569 1,43228 1,454814 1,447177 1,44345 1,441315 1,447035 1,450117 1,45004 1,44315 1,465226 1,48648 1,483205 1,477001 1,440819 1,398728 1,393867 1,411263 1,433264
-9999 -9999 -9999 -9999 -9999 -9999 -9999 -9999 -9999 -9999 -9999 0,6932942 0,7687248 0,8011278 0,8233609 0,8260108 0,90245 1,024535 1,115528 1,144152 1,103987 1,13567 1,211282 1,275975 1,274755 1,313868 1,328967 1,33586 1,329262 1,319027 1,329206 1,34608 1,367979 1,386906 1,392817 1,404832 1,413724 1,407065 1,414317 1,427783 1,443512 1,464002 1,490092 1,514482 1,524632 1,540455 1,539726 1,560443 1,596974 1,632476 1,632073 1,593715 1,542838 1,501988 1,499632 1,494225 1,491443 1,487903 1,479256 1,476282 1,487497 1,50476 1,52168 1,53246 1,532711 1,563303 1,581008 1,576359 1,568681 1,572689 1,574097 1,590919 1,642007
-9999 -9999 -9999 -9999 -9999 -9999 -9999 -9999 -9999 -9999 0,6313742 0,6960937 0,7657213 0,8207961 0,8547863 0,9046686 0,9707251 1,061976 1,098349 1,165693 1,124124 1,147758 1,192807 1,241545 1,27958 1,311383 1,332423 1,320298 1,315489 1,317527 1,328323 1,353994 1,357874 1,370848 1,385259 1,397329 1,39543 1,381462 1,370699 1,405251 1,445465 1,466241 1,486223 1,510786 1,562868 1,604083 1,633868 1,677131 1,722863 1,733656 1,716418 1,679704 1,654757 1,632249 1,612386 1,585047 1,579563 1,568185 1,548989 1,559607 1,567409 1,570412 1,586276 1,603411 1,620283 1,642536 1,669328 1,684558 1,698196 1,713778 1,730208 1,785095 1,796127
-9999 -9999 -9999 -9999 -9999 -9999 -9999 -9999 -9999 -9999 0,6406437 0,7137966 0,7783875 0,8438856 0,8783084 0,9627779 1,029142 1,092056 1,083535 1,199723 1,180732 1,209125 1,235975 1,245765 1,279987 1,313143 1,335806 1,323355 1,317191 1,318979 1,33084 1,366402 1,357272 1,370226 1,384158 1,382843 1,383186 1,364019 1,380699 1,410048 1,447389 1,493113 1,533985 1,580502 1,638237 1,706706 1,760487 1,820343 1,835523 1,865533 1,890852 1,840167 1,815893 1,787474 1,757812 1,708963 1,69781 1,687945 1,658368 1,64999 1,654931 1,657131 1,66949 1,687007 1,704211 1,722563 1,752241 1,779371 1,798249 1,810791 1,844443 1,860812 1,8587
-9999 -9999 -9999 -9999 -9999 -9999 -9999 -9999 -9999 -9999 0,6329118 0,7261665 0,7913605 0,8532117 0,9180662 1,020887 1,089108 1,122734 1,144326 1,173521 1,192833 1,223425 1,232952 1,243334 1,285002 1,319487 1,333212 1,330603 1,353057 1,345453 1,35305 1,367472 1,356396 1,369271 1,372657 1,382722 1,407991 1,434855 1,434651 1,45422 1,511434 1,575083 1,618621 1,673902 1,741619 1,811979 1,882493 1,928542 1,955893 1,953183 1,975284 1,973809 1,92882 1,90501 1,882369 1,863537 1,848703 1,831132 1,809198 1,776401 1,759054 1,752978 1,76067 1,773069 1,788136 1,800696 1,825497 1,839229 1,854444 1,859601 1,876771 1,901751 1,921273
-9999 -9999 -9999 -9999 -9999 -9999 -9999 -9999 -9999 -9999 0,6251798 0,736886 0,7932786 0,8604045 0,9477189 1,046549 1,116796 1,154753 1,180116 1,184349 1,200592 1,224338 1,229279 1,263076 1,304123 1,327883 1,332796 1,34011 1,365407 1,366512 1,361507 1,360139 1,347474 1,355523 1,357431 1,413407 1,457537 1,502641 1,518566 1,563334 1,602011 1,657052 1,705475 1,771853 1,830438 1,889911 1,948629 1,993017 2,02062 2,030293 2,039241 2,038432 1,987646 1,959866 1,942548 1,928367 1,904718 1,906577 1,895207 1,868381 1,853102 1,847321 1,852858 1,870085 1,880059 1,88362 1,880303 1,878843 1,881287 1,882388 1,88148 1,896112 1,892808
-9999 -9999 -9999 -9999 -9999 -9999 -9999 -9999 -9999 -9999 0,6174479 0,7437645 0,7859292 0,8628981 0,9617202 1,059607 1,13293 1,182261 1,20605 1,205005 1,206329 1,240728 1,265461 1,297976 1,33282 1,352322 1,378547 1,393598 1,394102 1,376481 1,363255 1,339615 1,325294 1,334544 1,390828 1,461048 1,532653 1,582533 1,603153 1,639121 1,691199 1,732549 1,787304 1,831908 1,886522 1,929667 1,974743 2,026586 2,042246 2,045178 2,039862 2,02398 2,003788 1,982677 1,9786 1,975874 1,955609 1,961653 1,95875 1,933165 1,917679 1,91004 1,913019 1,922467 1,923751 1,92284 1,915178 1,901593 1,889445 1,880222 1,873275 1,863354 1,854744
-9999 -9999 -9999 -9999 -9999 -9999 -9999 -9999 -9999 -9999 0,6097159 0,7410505 0,7762853 0,8557666 0,9622576 1,06189 1,139859 1,192991 1,221134 1,221696 1,212365 1,249514 1,284803 1,324895 1,356924 1,381297 1,401651 1,42241 1,41293 1,382911 1,348597 1,323951 1,303023 1,348808 1,414415 1,489637 1,573326 1,644219 1,688144 1,727689 1,75735 1,793851 1,817182 1,864882 1,898227 1,935033 1,970076 2,003224 2,022979 2,012631 2,003552 1,99075 1,989006 1,976847 1,984813 1,995219 1,985477 1,99599 1,998714 1,984663 1,974814 1,968571 1,965767 1,965893 1,964599 1,945481 1,927879 1,905782 1,883729 1,865651 1,851583 1,835372 1,819921
-9999 -9999 -9999 -9999 -9999 -9999 -9999 -9999 -9999 -9999 0,601984 0,7490902 0,763733 0,8429856 0,9485092 1,060248 1,142916 1,212397 1,255442 1,256743 1,232142 1,253924 1,279 1,321639 1,364313 1,387105 1,407043 1,412622 1,409299 1,372408 1,345351 1,333163 1,340285 1,376217 1,443066 1,509674 1,593617 1,682579 1,755435 1,802588 1,811592 1,807196 1,827427 1,853917 1,883959 1,905828 1,932343 1,947545 1,957851 1,950804 1,957636 1,962188 1,966138 1,96876 1,984746 2,000426 2,004464 2,011441 2,013643 2,0248 2,015658 2,006968 2,007008 2,007673 2,007498 1,982625 1,953468 1,928007 1,902769 1,875465 1,835539 1,811596 1,79316
-9999 -9999 -9999 -9999 -9999 -9999 -9999 -9999 -9999 -9999 -9999 0,727868 0,7688982 0,8365847 0,9421821 1,046312 1,14352 1,223082 1,277916 1,283912 1,240451 1,243205 1,258479 1,300975 1,343509 1,345094 1,373222 1,383403 1,406854 1,372512 1,35146 1,353934 1,377229 1,410096 1,469888 1,537068 1,612667 1,711477 1,779354 1,821624 1,840676 1,825644 1,821779 1,827141 1,84865 1,845415 1,85512 1,872076 1,883774 1,896731 1,912028 1,921948 1,933179 1,94191 1,960862 1,971096 1,974128 1,977485 1,983084 1,997153 1,998902 1,996689 2,026628 2,035112 2,033933 2,014541 1,994462 1,965314 1,938144 1,909037 1,87461 1,84576 1,810494
-9999 -9999 -9999 -9999 -9999 -9999 -9999 -9999 -9999 -9999 -9999 0,697193 0,8391143 0,915374 0,9291278 1,007149 1,109683 1,203462 1,273015 1,304158 1,250188 1,250529 1,259403 1,285976 1,32459 1,330301 1,345891 1,381472 1,417009 1,385433 1,370699 1,37664 1,414085 1,473208 1,517094 1,581453 1,66492 1,745892 1,803274 1,837304 1,854144 1,836669 1,797176 1,798242 1,796455 1,786922 1,793573 1,817567 1,825748 1,841898 1,845486 1,858999 1,871312 1,873103 1,891692 1,899318 1,904129 1,903776 1,901605 1,922938 1,933967 1,933992 1,958223 1,976083 1,998525 2,000981 1,994385 1,981052 1,970775 1,943036 1,907038 1,855467 1,812596
-9999 -9999 -9999 -9999 -9999 -9999 -9999 -9999 -9999 -9999 -9999 0,6569964 0,7843129 0,8807536 0,8990547 0,9712141 1,073085 1,17886 1,256885 1,30792 1,283884 1,26503 1,256869 1,27747 1,30279 1,320408 1,326583 1,36914 1,409149 1,416598 1,413771 1,43022 1,479354 1,535593 1,573786 1,64981 1,729684 1,809191 1,850464 1,87097 1,865863 1,839629 1,785358 1,754239 1,748491 1,742187 1,74879 1,758559 1,767106 1,782742 1,763194 1,773908 1,74497 1,737178 1,743631 1,764017 1,773413 1,773161 1,763119 1,790191 1,823894 1,840515 1,857779 1,879291 1,912551 1,933583 1,939957 1,94465 1,950995 1,945392 1,909416 1,855344 1,809392
-9999 -9999 -9999 -9999 -9999 -9999 -9999 -9999 -9999 -9999 -9999 0,6298316 0,7248363 0,7991441 0,8746286 0,9635666 1,025652 1,144654 1,224515 1,303398 1,316898 1,279051 1,257536 1,268883 1,279646 1,300457 1,332457 1,370815 1,405713 1,4366 1,433257 1,46508 1,529462 1,602653 1,669125 1,737344 1,805702 1,868158 1,908204 1,915722 1,894201 1,835595 1,774759 1,732902 1,701007 1,696745 1,697584 1,701197 1,693624 1,692013 1,653627 1,624875 1,540681 1,55216 1,547999 1,568175 1,575232 1,591497 1,6132 1,624317 1,666425 1,686512 1,718366 1,764527 1,786039 1,821615 1,844218 1,841422 1,852825 1,85489 1,832672 1,81455 1,755949
-9999 -9999 -9999 -9999 -9999 -9999 -9999 -9999 -9999 -9999 -9999 -9999 0,7113395 0,7929959 0,8626744 0,9577838 1,015972 1,112417 1,202153 1,299855 1,319077 1,284142 1,273833 1,248974 1,269333 1,301277 1,332206 1,366054 1,404989 1,445756 1,449998 1,504753 1,57736 1,663674 1,753228 1,813933 1,879075 1,922851 1,939001 1,945687 1,904228 1,839678 1,766155 1,706319 1,669954 1,650381 1,640077 1,621412 1,607839 1,596454 1,550958 1,445739 1,338301 1,355093 1,352367 1,338828 1,357857 1,395674 1,431774 1,442949 1,476644 1,508258 1,530348 1,580491 1,631986 1,66885 1,700031 1,707653 1,731684 1,743704 1,720984 1,710393 1,660547
-9999 -9999 -9999 -9999 -9999 -9999 -9999 -9999 -9999 -9999 -9999 -9999 0,671851 0,778812 0,8361123 0,9072424 1,008934 1,085398 1,175177 1,244023 1,285158 1,295405 1,276915 1,259475 1,271976 1,297395 1,329109 1,336554 1,373131 1,451139 1,464267 1,529546 1,610061 1,698524 1,780446 1,874982 1,933135 1,961006 1,967915 1,946657 1,898673 1,828553 1,749662 1,680717 1,635132 1,594411 1,578063 1,551855 1,454606 1,357201 1,269641 1,182123 1,100801 1,106523 1,095046 1,097566 1,12941 1,193763 1,231499 1,269193 1,301778 1,330214 1,362658 1,40775 1,458806 1,495085 1,550772 1,556629 1,571378 1,586061 1,588358 1,577188 1,491403
