20120418ascii.txt
ncols         249
nrows         204
xllcorner     311841,08967967
yllcorner     4517928,2895771
cellsize      0,7
NODATA_value  -9999
[rows 32 to 63 of 204, columns 146 to 218 of 249]
-9999 -9999 -9999 -9999 -9999 -9999 -9999 -9999 -9999 -9999 -9999 -9999 -9999 -9999 -9999 -9999 -9999 -9999 -9999 -9999 -9999 -9999 -9999 -9999 -9999 -9999 -9999 -9999 -9999 -9999 -9999 -9999 -9999 -9999 -9999 -9999 -9999 -9999 -9999 -9999 -9999 -9999 -9999 -9999 -9999 -9999 -9999 -9999 -9999 -9999 -9999 -9999 -9999 -9999 -9999 -9999 -9999 -9999 -9999 -9999 0,6240109 0,7816663 0,8267516 0,8603998 0,8253233 0,8247765 0,7895204 0,7375145 -9999 -9999 -9999 -9999 -9999
-9999 -9999 -9999 -9999 -9999 -9999 -9999 -9999 -9999 -9999 -9999 -9999 -9999 -9999 -9999 -9999 -9999 -9999 -9999 -9999 -9999 -9999 -9999 -9999 -9999 -9999 -9999 -9999 -9999 -9999 -9999 -9999 -9999 -9999 -9999 -9999 -9999 -9999 -9999 -9999 -9999 -9999 -9999 -9999 -9999 -9999 -9999 -9999 -9999 -9999 -9999 -9999 -9999 -9999 -9999 -9999 -9999 -9999 0,6353962 0,7029842 0,7300638 0,7751698 0,8367473 0,9178318 0,8600112 0,8032584 0,8206668 0,8162212 0,7971901 0,6727751 -9999 -9999 -9999
-9999 -9999 -9999 -9999 -9999 -9999 -9999 -9999 -9999 -9999 -9999 -9999 -9999 -9999 -9999 -9999 -9999 -9999 -9999 -9999 -9999 -9999 -9999 -9999 -9999 -9999 -9999 -9999 -9999 -9999 -9999 -9999 -9999 -9999 -9999 -9999 -9999 -9999 -9999 -9999 -9999 -9999 -9999 -9999 -9999 -9999 -9999 -9999 -9999 -9999 -9999 -9999 -9999 -9999 -9999 -9999 0,6604913 0,739603 0,7909098 0,8373551 0,8491424 0,8532589 0,8698896 0,8637561 0,8117037 0,809716 0,8146623 0,8168348 0,8324659 0,8568657 0,7545779 -9999 -9999
-9999 -9999 -9999 -9999 -9999 -9999 -9999 -9999 -9999 -9999 -9999 -9999 -9999 -9999 -9999 -9999 -9999 -9999 -9999 -9999 -9999 -9999 -9999 -9999 -9999 -9999 -9999 -9999 -9999 -9999 -9999 -9999 -9999 -9999 -9999 -9999 -9999 -9999 -9999 -9999 -9999 -9999 -9999 -9999 -9999 -9999 -9999 -9999 -9999 -9999 -9999 -9999 -9999 -9999 0,6664464 0,7587921 0,7980314 0,9286222 0,9250193 0,9453003 0,8517356 0,8833529 0,8308544 0,7973669 0,8063933 0,8132374 0,8194032 0,8203794 0,8374047 0,8770676 0,9206125 0,8363807 -9999
-9999 -9999 -9999 -9999 -9999 -9999 -9999 -9999 -9999 -9999 -9999 -9999 -9999 -9999 -9999 -9999 -9999 -9999 -9999 -9999 -9999 -9999 -9999 -9999 -9999 -9999 -9999 -9999 -9999 -9999 -9999 -9999 -9999 -9999 -9999 -9999 -9999 -9999 -9999 -9999 -9999 -9999 -9999 -9999 -9999 -9999 -9999 -9999 -9999 -9999 -9999 -9999 -9999 0,6651756 0,7762779 0,8561625 0,8598524 0,8858133 0,842846 0,7972837 0,8189423 0,8281291 0,7677771 0,7687065 0,7820788 0,8101921 0,8265018 0,8440043 0,8778847 0,9126436 0,9689371 0,9822149 0,9198444
-9999 -9999 -9999 -9999 -9999 -9999 -9999 -9999 -9999 -9999 -9999 -9999 -9999 -9999 -9999 -9999 -9999 -9999 -9999 -9999 -9999 -9999 -9999 -9999 -9999 -9999 -9999 -9999 -9999 -9999 -9999 -9999 -9999 -9999 -9999 -9999 -9999 -9999 -9999 -9999 -9999 -9999 -9999 -9999 -9999 -9999 -9999 -9999 -9999 -9999 -9999 -9999 0,6747578 0,7533889 0,7992826 0,9258933 0,8369862 0,792128 0,7826341 0,8024213 0,8235023 0,8058516 0,7720432 0,7499157 0,7690442 0,801283 0,8179106 0,8385777 0,8738995 0,9191677 0,9749631 1,016968 1,03277
-9999 -9999 -9999 -9999 -9999 -9999 -9999 -9999 -9999 -9999 -9999 -9999 -9999 -9999 -9999 -9999 -9999 -9999 -9999 -9999 -9999 -9999 -9999 -9999 -9999 -9999 -9999 -9999 -9999 -9999 -9999 -9999 -9999 -9999 -9999 -9999 -9999 -9999 -9999 -9999 -9999 -9999 -9999 -9999 -9999 -9999 -9999 -9999 -9999 -9999 -9999 0,6735142 0,7711461 0,8096197 0,8141971 0,8275211 0,8397027 0,788808 0,7696421 0,780667 0,7951483 0,7874548 0,7653741 0,7443247 0,7643254 0,7776098 0,8055584 0,8284584 0,8467372 0,8939145 0,9536888 1,021814 1,071766
-9999 -9999 -9999 -9999 -9999 -9999 -9999 -9999 -9999 0,655625 0,6693228 0,6756688 0,6820147 0,6883606 0,6235558 0,6003924 -9999 -9999 -9999 -9999 -9999 -9999 -9999 -9999 -9999 -9999 -9999 -9999 -9999 -9999 -9999 -9999 -9999 -9999 -9999 -9999 -9999 -9999 -9999 -9999 -9999 -9999 -9999 -9999 -9999 -9999 -9999 -9999 -9999 -9999 0,6722707 0,787922 0,8462288 0,8708439 0,9107561 0,8575609 0,8376566 0,803643 0,7783757 0,7802188 0,7747697 0,7628127 0,7630995 0,7537073 0,7642214 0,7710702 0,7763135 0,800662 0,8178928 0,8539259 0,9292664 1,011948 1,062254
-9999 -9999 -9999 -9999 -9999 0,6267002 0,6994836 0,7819199 0,8752359 0,9447981 1,009373 1,061187 1,070659 1,024582 0,9298843 0,7746987 0,7122263 0,6898596 0,6674927 0,645126 0,6218148 0,6204206 0,606932 -9999 -9999 -9999 -9999 -9999 0,620078 0,6705169 0,701011 0,6786614 0,6415906 0,6045198 -9999 -9999 -9999 -9999 -9999 -9999 -9999 -9999 -9999 -9999 -9999 -9999 -9999 -9999 -9999 0,6710271 0,7866785 0,8628101 0,9268867 0,9288042 0,8896217 0,8196064 0,7959872 0,7758456 0,7735755 0,7896065 0,7872421 0,8109332 0,8090532 0,7971226 0,7728126 0,7615133 0,7865432 0,7907487 0,7984777 0,8292098 0,8978953 0,9803591 1,041785
-9999 -9999 0,6724014 0,7451848 0,8179683 0,8902373 0,9917833 1,017932 1,042429 1,063041 1,07225 1,064685 1,045245 1,015415 0,9543743 0,8767633 0,8116908 0,7903104 0,7710935 0,7554278 0,7478742 0,7593451 0,7647564 0,7615813 0,7554501 0,7688733 0,7517508 0,7607304 0,7934576 0,7918262 0,8025017 0,8001443 0,7918233 0,7536392 0,7154552 0,672875 0,6343806 0,6215934 0,6109611 0,6003289 -9999 -9999 -9999 -9999 -9999 -9999 -9999 -9999 0,6697835 0,8040072 0,8487063 0,8912351 1,002007 0,9336503 0,8473491 0,8084559 0,7798219 0,7750365 0,7944079 0,8039386 0,8069916 0,8103587 0,8455772 0,8285238 0,7892591 0,7902576 0,7930529 0,7793604 0,7863947 0,8121771 0,8721532 0,9468899 1,027544
0,8021193 0,8818651 0,924607 0,9134772 0,9127191 0,9199592 0,9481282 0,9705495 0,9994152 1,02138 1,029457 1,025668 1,01638 0,9964641 0,9615654 0,8992852 0,8727821 0,8439443 0,8155728 0,8196913 0,8098332 0,7980797 0,8045335 0,7853224 0,7585659 0,7568883 0,8033943 0,8172734 0,7900876 0,8221801 0,8241971 0,8179488 0,8114948 0,795728 0,8061271 0,8047987 0,7627754 0,7279987 0,6943403 0,683708 0,6730758 0,6624436 0,6518113 0,6411791 0,6305469 0,6199146 0,6092824 0,6624013 0,7756686 0,8674911 0,9340174 0,9697871 0,9473951 0,9170205 0,8953197 0,8947769 0,8555147 0,8320519 0,8259674 0,8298017 0,8284277 0,8093689 0,7974589 0,8232017 0,7806436 0,7631485 0,7606894 0,7660949 0,7745616 0,8515817 0,847546 0,9029732 1,002182
0,8948717 0,8857846 0,8919184 0,8902681 0,8923373 0,8999548 0,9090685 0,9306071 0,9595204 0,980004 0,9779236 0,9804401 0,9819126 0,9861436 0,9770438 0,9588667 0,9326569 0,9002408 0,867945 0,8754445 0,8815953 0,8686239 0,8538527 0,8406914 0,8278159 0,8098847 0,8066596 0,8300468 0,8384869 0,8486716 0,8423643 0,8360569 0,8319337 0,8292444 0,8296359 0,8173535 0,7941088 0,8054002 0,8122242 0,7858461 0,7564549 0,7458227 0,7351905 0,7244857 0,7137238 0,732495 0,7226765 0,7150348 0,7982978 0,8443077 0,9011663 0,9053977 0,927605 0,9203249 0,8977163 0,8702199 0,8704135 0,8729051 0,8765301 0,8445299 0,8244511 0,806061 0,8174615 0,8094257 0,7980269 0,7678265 0,7573705 0,763876 0,811975 0,873321 0,8349323 0,857544 0,9385149
0,8783531 0,8618172 0,8702942 0,8736913 0,8744243 0,8817367 0,8928316 0,9032648 0,925347 0,9371146 0,9323969 0,9459851 0,9730582 0,9807898 0,9914742 0,98621 0,9650074 0,9412615 0,9164672 0,9154736 0,9259384 0,9129701 0,897949 0,8854755 0,8722644 0,8499685 0,847899 0,8643107 0,867287 0,8702632 0,8692387 0,8663386 0,8661934 0,8650845 0,879077 0,8699874 0,8697236 0,86415 0,8488687 0,8322425 0,8164017 0,7998075 0,816664 0,8206658 0,8235571 0,8357495 0,8277149 0,8071912 0,8044958 0,8120523 0,8719766 0,8679122 0,9056761 0,8883809 0,8769239 0,8630871 0,8614451 0,8655294 0,883761 0,8595013 0,8203819 0,8080663 0,8326068 0,8243747 0,825897 0,8087585 0,7907751 0,7689811 0,7781008 0,7946869 0,8022783 0,8051986 0,8864851
0,881118 0,8701168 0,8654924 0,8773037 0,8881986 0,8851244 0,8908153 0,8947291 0,8971934 0,9072608 0,9034842 0,9200412 0,9478011 0,9748561 1,001018 1,003224 0,9929574 0,9751408 0,9519442 0,9375767 0,9424125 0,9376761 0,9364024 0,9184299 0,8998792 0,88095 0,8801882 0,8940119 0,9112083 0,9212569 0,9178762 0,9211093 0,9072147 0,9108728 0,9329002 0,9360168 0,9305085 0,9151881 0,8911105 0,8666914 0,8457122 0,8310484 0,8228219 0,8541852 0,853541 0,8583309 0,8370728 0,8320808 0,8603184 0,86522 0,8572654 0,8373919 0,8548767 0,8824452 0,8877113 0,8898137 0,8934358 0,9068926 0,9004792 0,8899522 0,8691484 0,8473893 0,8442379 0,8702949 0,8718171 0,846697 0,8248864 0,8042265 0,7732659 0,7612129 0,7581669 0,7684836 0,809734
0,8826888 0,8970603 0,8957394 0,9077997 0,9144477 0,9055325 0,8959396 0,8861933 0,8764768 0,8959598 0,8933979 0,9384951 1,005129 0,9996731 1,004034 1,019184 1,012932 0,9956241 0,9745418 0,9617311 0,9606447 0,9670272 0,9724592 0,9986503 0,9778148 0,9585428 0,9557431 0,9548247 0,9969177 1,012449 0,9862699 0,9868139 0,9673573 0,958406 0,9687995 0,9677916 0,9666109 0,9405074 0,912869 0,8837748 0,8662465 0,8571362 0,8594908 0,857331 0,8605855 0,8537339 0,8579968 0,8606663 0,935964 0,9787328 0,9049577 0,8841987 0,8788454 0,8817431 0,8880394 0,9273287 0,9196482 0,9000477 0,8828601 0,870154 0,8876812 0,9060332 0,9231265 0,9276521 0,9139023 0,8630437 0,8414112 0,8166032 0,8322546 0,7689009 0,7347905 0,7481156 0,7653755
0,887028 0,9014395 0,9151786 0,9246706 0,9322009 0,9459174 0,9287517 0,9084202 0,8855287 0,897722 0,8969408 0,9279598 0,9723322 0,9763163 0,9823096 0,9587557 0,9664261 0,9672888 0,9528216 0,9654212 0,9843528 0,9876397 0,9923964 1,025862 1,049602 1,028584 1,016214 1,020918 1,03612 1,06927 1,069809 1,042945 0,9878978 0,9797917 0,9832913 0,9909459 0,9862373 0,9622324 0,9355098 0,9182683 0,9150123 0,9037923 0,8921258 0,8929552 0,8986484 0,900298 0,9007543 0,9001247 0,9313278 0,9872831 0,9324856 0,9087015 0,9016968 0,9007531 0,9160459 0,9181363 0,9103415 0,8867999 0,8860549 0,8818308 0,8922309 0,9244682 0,9460676 0,9494091 0,9233056 0,8793905 0,8352237 0,8205256 0,944044 0,8773269 0,7534885 0,7387618 0,7526081
0,8778407 0,890452 0,9062299 0,924015 0,9451541 0,9685997 0,9611767 0,9391544 0,9144404 0,9906009 0,9354689 0,9349313 0,9540445 0,9603285 0,9539756 0,938419 0,9433894 0,9681149 0,9495419 0,9605461 0,9846272 0,9898832 0,9860573 0,9844851 1,000993 1,037139 1,058456 1,074109 1,083582 1,08449 1,08918 1,081727 1,018355 0,9929453 1,001826 1,017048 1,017151 1,002167 0,9861478 0,978447 0,9800621 0,9836541 0,9816534 0,9762344 0,9818411 0,9886261 0,9884316 0,9776586 0,9654497 1,005104 1,020878 0,963585 0,9470406 0,9833201 0,9426164 0,9165384 0,905553 0,9031115 0,9029261 0,9072612 0,9036039 0,9370127 0,9502745 0,9495372 0,9191425 0,9102585 0,8669224 0,8110222 0,8658984 0,9020405 0,8005079 0,7474265 0,7556498
0,8868454 0,9084746 0,9158593 0,9321732 0,949416 0,9847505 0,9858833 0,9664583 0,9454719 0,9481894 0,9522426 0,9425509 0,9613028 0,9605243 0,9484408 0,9408266 0,947661 1,039904 0,9566706 0,9526945 0,9737477 0,9812525 0,9902567 1,010682 1,029281 1,05641 1,100377 1,14925 1,171613 1,175363 1,178124 1,131195 1,056898 1,026044 1,028609 1,056784 1,05564 1,066199 1,078092 1,088443 1,083943 1,082334 1,092916 1,118819 1,116067 1,108819 1,087835 1,066679 1,045269 1,039183 1,035964 1,021776 1,002926 0,9760447 0,9493185 0,9265003 0,9152147 0,9149407 0,915328 0,9276952 0,9380289 0,9456134 0,9554631 0,9648717 0,9617301 0,9444669 0,9186481 0,8674715 0,8189326 0,8271459 0,819887 0,7895203 0,7878342
0,8980878 0,9291813 0,9345452 0,9443932 0,9621536 0,9868148 0,996686 0,9878725 0,9752992 0,9652095 0,9508126 0,9457318 0,9663951 0,9654351 0,951425 0,9445183 0,9529502 0,9863753 0,9637038 0,9591445 0,953792 0,9747241 0,9992532 1,036699 1,076017 1,111694 1,161254 1,212224 1,251316 1,249606 1,227075 1,209839 1,160807 1,122052 1,110242 1,092344 1,121372 1,156504 1,190335 1,213828 1,233519 1,215804 1,221173 1,256629 1,251212 1,232896 1,197894 1,161672 1,116675 1,093329 1,077817 1,066562 1,043689 1,016093 0,9872084 0,97544 0,9648764 0,9585736 0,9530997 0,9382316 0,9512218 0,96744 0,99492 1,011745 1,006911 0,9862275 0,9648649 0,9174548 0,8854087 0,8499337 0,8290431 0,8403025 0,841679
0,9134838 0,9448846 0,9679586 0,9834245 0,9894521 1,006821 1,013937 1,007528 1,001683 0,9978626 0,9780779 0,9664702 0,9791282 0,9749901 0,9592122 0,9557102 0,9658106 0,9642437 0,9870092 0,9901183 0,9877039 1,018218 1,056311 1,087162 1,125162 1,169534 1,214341 1,262002 1,300959 1,296687 1,273716 1,243762 1,220157 1,17893 1,1541 1,141807 1,177051 1,21676 1,26532 1,30692 1,320053 1,339396 1,360249 1,354676 1,336949 1,3166 1,259272 1,208666 1,172808 1,146164 1,128115 1,11746 1,101901 1,072713 1,050589 1,046417 1,036386 1,029559 1,01901 1,007278 1,009592 1,01486 1,038322 1,057196 1,080334 1,064112 1,043061 1,0212 0,9972886 0,9460852 0,9017083 0,8804637 0,8774748
0,9370588 0,9496525 0,9817792 1,007746 1,012197 1,023159 1,035402 1,035311 1,034136 1,033713 1,004643 0,9985012 1,002752 1,007007 0,9915018 0,9846852 0,9775631 0,9795486 1,019583 1,031923 1,0419 1,080003 1,127596 1,162612 1,199142 1,231053 1,26835 1,295528 1,329258 1,319865 1,298474 1,273322 1,244606 1,209283 1,202266 1,211083 1,249362 1,288492 1,327576 1,364171 1,391922 1,420618 1,431997 1,410272 1,374874 1,337797 1,282879 1,240263 1,210142 1,210651 1,203028 1,193359 1,198965 1,179116 1,153179 1,146783 1,134259 1,12483 1,103963 1,083836 1,080179 1,067857 1,093838 1,122799 1,147261 1,153494 1,145527 1,146756 1,12588 1,073914 0,9999197 0,9716991 0,9614866
0,9513113 0,9554074 0,9913768 1,022889 1,044477 1,055599 1,059726 1,07101 1,078223 1,084387 1,049643 1,026435 1,015737 1,004767 0,9922857 0,9914014 0,9990596 1,037858 1,100238 1,120104 1,138177 1,190121 1,236978 1,256445 1,277044 1,295801 1,318174 1,333311 1,335513 1,327119 1,309863 1,284985 1,270192 1,256489 1,249279 1,255543 1,276667 1,318968 1,364235 1,399919 1,4319 1,451679 1,452461 1,432416 1,394563 1,349771 1,300678 1,291624 1,28342 1,295044 1,314414 1,328507 1,329428 1,333741 1,337296 1,298261 1,260326 1,256063 1,229326 1,195557 1,170056 1,14642 1,171869 1,190727 1,216384 1,246827 1,277876 1,285583 1,253065 1,213139 1,165776 1,121648 1,079319
0,9916745 0,9960894 1,031255 1,048221 1,060452 1,077034 1,100006 1,122567 1,128714 1,127108 1,103002 1,086762 1,073734 1,038245 1,024952 1,039356 1,065784 1,121188 1,182304 1,216123 1,24506 1,288339 1,322797 1,339197 1,353808 1,355111 1,354825 1,355544 1,347098 1,335393 1,325146 1,315867 1,308663 1,310862 1,308838 1,324289 1,331824 1,35896 1,39855 1,427902 1,455227 1,46305 1,456943 1,430371 1,40326 1,372897 1,329843 1,346045 1,362754 1,381819 1,410057 1,43579 1,461636 1,47584 1,510619 1,499138 1,455063 1,445057 1,395394 1,344275 1,313761 1,27807 1,238449 1,252803 1,279838 1,321585 1,351275 1,351223 1,336066 1,293087 1,244917 1,201475 1,175693
1,092395 1,096655 1,124027 1,141422 1,156396 1,170701 1,185339 1,203162 1,210201 1,208272 1,19429 1,180777 1,161411 1,099259 1,081536 1,091753 1,134405 1,211191 1,263925 1,304017 1,342515 1,374812 1,395081 1,40649 1,407379 1,394837 1,386254 1,377298 1,370722 1,367459 1,357673 1,363393 1,383849 1,390072 1,412417 1,426075 1,416935 1,422774 1,445529 1,462778 1,480027 1,484524 1,477401 1,448645 1,428463 1,413507 1,399954 1,41016 1,422628 1,452066 1,470437 1,538336 1,548227 1,583045 1,602701 1,591962 1,597386 1,573373 1,557847 1,503792 1,46091 1,419534 1,374719 1,329791 1,346628 1,379889 1,412784 1,423129 1,419564 1,369957 1,32035 1,267124 1,237199
1,249373 1,252109 1,238957 1,250065 1,282816 1,2976 1,313568 1,334719 1,327464 1,316327 1,306223 1,317703 1,314914 1,260117 1,233505 1,208689 1,229669 1,27074 1,327249 1,37297 1,394384 1,42968 1,452999 1,458915 1,455089 1,434961 1,415263 1,399818 1,395344 1,396703 1,4074 1,422684 1,448248 1,470996 1,49837 1,511206 1,501838 1,500162 1,499635 1,516148 1,532463 1,526461 1,507662 1,489305 1,465432 1,44641 1,44006 1,450178 1,446419 1,485456 1,505673 1,552907 1,586056 1,607347 1,616452 1,629428 1,619629 1,619021 1,617885 1,597417 1,540558 1,526442 1,486042 1,451221 1,448078 1,452936 1,468925 1,490868 1,479647 1,431599 1,37204 1,312452 1,272179
1,363815 1,367529 1,365371 1,398298 1,43042 1,449258 1,464798 1,477723 1,470944 1,457276 1,465371 1,477267 1,479531 1,432205 1,397879 1,360854 1,323585 1,349675 1,389312 1,437563 1,451749 1,479655 1,494249 1,498651 1,500414 1,478513 1,446565 1,416414 1,425851 1,431257 1,445151 1,470777 1,494799 1,518267 1,541579 1,563722 1,563847 1,544514 1,544324 1,556862 1,563089 1,544833 1,524069 1,505594 1,488241 1,474303 1,47068 1,457893 1,46615 1,475797 1,506237 1,535406 1,548284 1,559549 1,568888 1,576194 1,582723 1,57427 1,56326 1,556975 1,532898 1,509595 1,492839 1,496794 1,497545 1,502542 1,508608 1,516089 1,506092 1,461049 1,400604 1,340296 1,286083
1,435446 1,445824 1,451061 1,475935 1,507667 1,536371 1,567794 1,596174 1,590966 1,570663 1,555958 1,552079 1,560756 1,535987 1,51096 1,480718 1,443635 1,430011 1,456876 1,490131 1,505989 1,519965 1,531719 1,531661 1,533245 1,519849 1,482582 1,435303 1,44543 1,457882 1,468953 1,49593 1,521941 1,535195 1,54259 1,560032 1,564215 1,535012 1,532652 1,557726 1,554117 1,54847 1,534489 1,507896 1,478577 1,469172 1,447016 1,429833 1,430945 1,424204 1,428056 1,431908 1,430401 1,42564 1,421082 1,42537 1,440229 1,44077 1,438881 1,433727 1,425265 1,407748 1,398059 1,409785 1,43259 1,468825 1,484949 1,49007 1,486639 1,468737 1,407695 1,351337 1,286081
1,472172 1,477822 1,482747 1,503175 1,5278 1,552584 1,583757 1,622323 1,628716 1,62703 1,609481 1,610724 1,628033 1,625864 1,600544 1,562753 1,52815 1,497733 1,506105 1,525645 1,545471 1,565838 1,576705 1,571121 1,565469 1,549545 1,512664 1,466441 1,456841 1,470535 1,478257 1,489401 1,499598 1,503824 1,520656 1,545979 1,546052 1,534289 1,523603 1,51034 1,491538 1,478637 1,463475 1,442175 1,411679 1,406708 1,377458 1,344024 1,327837 1,305405 1,298555 1,290807 1,270688 1,246449 1,266237 1,273934 1,249813 1,239871 1,251532 1,25486 1,266948 1,251144 1,255593 1,291317 1,326408 1,37706 1,404158 1,417387 1,432548 1,421815 1,375345 1,323312 1,247823
1,462033 1,462265 1,467892 1,485599 1,507191 1,535523 1,559894 1,590444 1,604707 1,617708 1,622513 1,620474 1,619542 1,606388 1,595638 1,563857 1,536922 1,533789 1,543098 1,561765 1,583608 1,604222 1,616264 1,60953 1,603495 1,575058 1,542128 1,490455 1,448162 1,437024 1,437784 1,452836 1,467888 1,454908 1,459246 1,451756 1,448958 1,457297 1,441448 1,403736 1,381028 1,37027 1,342317 1,314364 1,288817 1,264674 1,239963 1,212146 1,151319 1,121938 1,110088 1,088954 1,070952 1,056359 1,048388 1,030848 1,008251 1,014139 1,047346 1,066853 1,079243 1,069828 1,108021 1,172902 1,207028 1,262317 1,307378 1,33259 1,35239 1,329816 1,285295 1,232673 1,16123
1,426439 1,424614 1,42349 1,432235 1,451434 1,478561 1,50668 1,534212 1,547969 1,563759 1,564146 1,577415 1,584082 1,583626 1,575097 1,543648 1,532441 1,547647 1,56575 1,616871 1,628918 1,6359 1,653116 1,648573 1,643301 1,61117 1,560183 1,49331 1,448609 1,439139 1,420978 1,402846 1,397878 1,38917 1,385515 1,371455 1,339165 1,285549 1,28064 1,253659 1,255922 1,251055 1,224304 1,192577 1,156528 1,125658 1,087375 1,019741 0,9589911 0,9229252 0,8967073 0,8890473 0,8762137 0,8583694 0,889481 0,8744088 0,8368394 0,8739156 0,912168 0,9205897 0,9355203 0,9568862 0,9905303 1,027804 1,074584 1,13629 1,186992 1,213147 1,236435 1,225081 1,198063 1,161995 1,09182
1,401678 1,384194 1,370741 1,376888 1,384041 1,411052 1,432927 1,455993 1,486719 1,497587 1,495157 1,514435 1,529278 1,532491 1,524672 1,517357 1,520122 1,554044 1,595375 1,645362 1,690635 1,690001 1,688423 1,678188 1,666382 1,63705 1,595658 1,541902 1,47503 1,43611 1,394626 1,334932 1,314248 1,294195 1,228676 1,216723 1,2012 1,115053 1,119832 1,114765 1,129485 1,108134 1,104506 1,057196 1,007203 0,9681079 0,9341527 0,882179 0,8141003 0,7970989 0,788428 0,8020354 0,7779018 0,7743092 0,8000966 0,7941331 0,8052271 0,8184066 0,8274063 0,8333142 0,8522695 0,8744195 0,9048488 0,9311151 0,9573814 1,003157 1,049231 1,084443 1,122141 1,138326 1,126893 1,105031 1,063783
1,406857 1,378446 1,359425 1,345083 1,352289 1,361423 1,382154 1,402215 1,421845 1,440282 1,432248 1,456216 1,473421 1,484738 1,482448 1,500755 1,519605 1,557406 1,622736 1,686045 1,730035 1,749532 1,745788 1,736021 1,708631 1,680146 1,637084 1,590131 1,523024 1,432966 1,343873 1,235789 1,194861 1,111544 1,00251 0,9861833 0,93719 0,9620141 0,9702356 0,9998851 0,9863358 0,9503214 0,9324154 0,9344914 0,8955321 0,8670642 0,8423087 0,8374594 0,810576 0,7661744 0,7617473 0,7456964 0,7520162 0,7667377 0,7738954 0,7801399 0,7820159 0,7896494 0,7946116 0,7974017 0,802898 0,8084525 0,8049348 0,8184019 0,8522884 0,9005578 0,9463153 0,9811084 1,017452 1,048077 1,07615 1,083319 1,056071
