20120418ascii.txt
ncols         249
nrows         204
xllcorner     311841,08967967
yllcorner     4517928,2895771
cellsize      0,7
NODATA_value  -9999
[rows 64 to 95 of 204, columns 146 to 218 of 249]
1,417204 1,40301 1,391252 1,375958 1,359085 1,349698 1,351346 1,365755 1,377014 1,391543 1,393338 1,413387 1,418041 1,435135 1,453821 1,480445 1,51824 1,569019 1,644175 1,704894 1,760878 1,801494 1,798416 1,782065 1,761292 1,723864 1,684792 1,636852 1,554633 1,458351 1,336065 1,20179 1,024522 0,9254962 0,9363711 0,8333762 0,8455724 0,8518002 0,8553557 0,8645377 0,8285234 0,8006985 0,8275473 0,8619068 0,8671494 0,8520809 0,8410935 0,8363331 0,8152934 0,8070176 0,7941229 0,7888529 0,7870807 0,7776495 0,7735973 0,7759318 0,7793921 0,7871554 0,7829761 0,7825615 0,7866497 0,8120038 0,8131561 0,8148374 0,8178591 0,8482894 0,8699851 0,9073263 0,9462025 0,9853675 1,019846 1,039984 1,041362
1,411023 1,436788 1,428065 1,415599 1,399452 1,379367 1,362541 1,360048 1,361512 1,365844 1,376604 1,401402 1,418479 1,443391 1,4925 1,52812 1,542176 1,597709 1,687765 1,734504 1,781021 1,828563 1,845291 1,830461 1,802251 1,763263 1,724508 1,665343 1,589543 1,501887 1,382787 1,216529 1,065501 0,9745159 0,9656391 0,9146948 0,9323668 0,9152046 0,902734 0,8745376 0,8446013 0,8497211 0,8481761 0,8538513 0,8575098 0,8618056 0,8657618 0,8640541 0,8553679 0,8551528 0,840829 0,8274889 0,826686 0,7945639 0,7823508 0,7717872 0,7777647 0,785627 0,7864015 0,7890856 0,7993092 0,8096367 0,8035168 0,8073833 0,8006311 0,8043923 0,8146058 0,8534667 0,8923277 0,9263071 0,9580972 0,9926145 1,030047
1,403515 1,427734 1,437955 1,444136 1,445099 1,426792 1,404981 1,40251 1,376177 1,373244 1,382326 1,403123 1,424278 1,47038 1,51805 1,559662 1,58487 1,635613 1,71206 1,752674 1,805832 1,857868 1,893439 1,878056 1,840605 1,794801 1,754628 1,704088 1,63637 1,572601 1,445009 1,329047 1,240195 1,158948 1,094201 1,01497 1,037866 1,039589 0,9985201 0,9675802 0,9491838 0,936608 0,9312976 0,9250568 0,9223934 0,9137987 0,906512 0,8930346 0,8839584 0,8811753 0,869797 0,8604807 0,8583472 0,8211153 0,8038861 0,7983328 0,8018932 0,8141847 0,8183642 0,8120442 0,818506 0,8015921 0,7871312 0,8036522 0,7852756 0,7821476 0,7864429 0,8169164 0,8380586 0,8647887 0,8998664 0,9528807 0,9974342
1,424007 1,409972 1,406048 1,416946 1,442603 1,459252 1,453308 1,424273 1,3955 1,385105 1,38977 1,413556 1,451086 1,49206 1,537733 1,580244 1,624978 1,673287 1,721882 1,771254 1,835815 1,890994 1,933821 1,924382 1,878948 1,826241 1,776222 1,740225 1,696712 1,629742 1,57467 1,488857 1,398141 1,322806 1,266177 1,204434 1,143284 1,133911 1,123054 1,091379 1,065812 1,052478 1,020444 1,011607 0,9920725 0,9893801 0,9470482 0,9286618 0,9126287 0,9082872 0,8935971 0,8837026 0,8687519 0,8397384 0,8333566 0,8310894 0,8381884 0,8600383 0,84197 0,8311427 0,8183682 0,8010077 0,8059872 0,808879 0,8075851 0,8059961 0,787351 0,7965456 0,803395 0,8079674 0,8386985 0,898105 0,9551741
1,437064 1,429136 1,419493 1,427373 1,450522 1,465353 1,469774 1,455074 1,444374 1,427478 1,417193 1,439888 1,460758 1,499549 1,551308 1,599927 1,644283 1,694166 1,743063 1,796904 1,865711 1,927869 1,968771 1,970623 1,922021 1,864267 1,806312 1,776634 1,735785 1,69873 1,657167 1,617302 1,555239 1,494659 1,414062 1,393146 1,347213 1,314209 1,266471 1,246824 1,204792 1,160731 1,117878 1,09188 1,060337 1,058345 1,001419 0,9656324 0,9413518 0,9309675 0,9194703 0,9142128 0,900147 0,8781552 0,8692907 0,8674212 0,8786538 0,8879963 0,8507428 0,8507361 0,8457709 0,8433876 0,840835 0,8444204 0,841096 0,8417806 0,8268189 0,8086852 0,7912213 0,7956964 0,8055329 0,8628717 0,918254
1,433691 1,42374 1,416662 1,428566 1,440089 1,459921 1,487841 1,47886 1,492082 1,482184 1,456959 1,46628 1,485327 1,526986 1,571264 1,609817 1,651212 1,704977 1,767701 1,832852 1,898026 1,960821 2,007723 2,01624 1,966216 1,903758 1,839333 1,80232 1,764086 1,714419 1,678695 1,6595 1,651842 1,603254 1,569022 1,538185 1,505181 1,451166 1,407457 1,361475 1,308338 1,268582 1,230416 1,19098 1,13883 1,08866 1,044027 0,9968228 0,9660291 0,9673112 0,9576961 0,948961 0,9323918 0,9165722 0,9008433 0,9047638 0,9190332 0,903241 0,8647287 0,8832358 0,8816717 0,8724908 0,8618911 0,877966 0,8812049 0,878181 0,8842326 0,8666642 0,84343 0,8139444 0,8068997 0,8386685 0,8864264
1,405479 1,40615 1,423915 1,433152 1,436474 1,457727 1,490995 1,508552 1,524156 1,525569 1,490081 1,49594 1,517397 1,545549 1,573991 1,614116 1,666595 1,726444 1,794717 1,865321 1,929586 1,98761 2,042376 2,046756 1,992936 1,913712 1,855443 1,811295 1,778006 1,74411 1,704295 1,69478 1,699404 1,682786 1,679605 1,62353 1,620355 1,560143 1,497143 1,438877 1,379663 1,336198 1,287349 1,255227 1,212617 1,164205 1,090462 1,023298 0,9804262 0,9987794 0,9928342 0,9811108 0,9673309 0,9393607 0,935414 0,9367722 0,9035343 0,9000978 0,9004145 0,9053776 0,8972067 0,8991317 0,906193 0,9321265 0,940526 0,9407849 0,9417601 0,9146078 0,8871442 0,852387 0,8432912 0,8594417 0,8874464
1,374086 1,382942 1,416112 1,43256 1,436187 1,457033 1,483805 1,508383 1,530184 1,538099 1,513323 1,517476 1,534301 1,561479 1,578463 1,619622 1,68323 1,755971 1,829576 1,900556 1,968788 2,01861 2,056322 2,055895 2,013656 1,917312 1,850206 1,794265 1,766747 1,743029 1,72967 1,749406 1,706814 1,731407 1,694557 1,668655 1,650652 1,606794 1,546423 1,489024 1,438161 1,386631 1,33525 1,296024 1,25651 1,212848 1,13184 1,061049 1,01117 1,020385 1,01269 1,026363 1,028201 0,9996489 0,9811584 0,983337 0,9656681 0,9340829 0,9283004 0,9169124 0,9137887 0,9206219 0,934223 0,9650856 1,003946 1,007259 1,013156 1,011367 0,9570407 0,9128232 0,8966764 0,8918722 0,9062049
1,352816 1,371937 1,412813 1,434761 1,447238 1,46059 1,474084 1,493277 1,514054 1,527249 1,524299 1,528821 1,547019 1,577026 1,590261 1,634688 1,707897 1,781709 1,879218 1,934812 1,996857 2,039931 2,065848 2,055971 2,000221 1,904305 1,820639 1,781396 1,734908 1,729619 1,731336 1,721586 1,72997 1,735063 1,703636 1,690746 1,652778 1,637002 1,596782 1,555244 1,490106 1,427639 1,375422 1,331689 1,294961 1,248448 1,180463 1,105457 1,071193 1,055637 1,048056 1,057267 1,027109 1,026564 1,033966 1,038037 1,028172 1,000186 0,9700506 0,9644266 0,9697553 0,9669639 0,9800279 0,9983795 1,043153 1,069699 1,067884 1,073818 1,051123 1,009593 0,9722511 0,9451481 0,9536261
1,335438 1,357279 1,398021 1,407057 1,407546 1,426095 1,457734 1,481965 1,503601 1,517245 1,518852 1,530604 1,554973 1,587059 1,605011 1,656673 1,736966 1,818223 1,913704 1,965261 2,015578 2,041273 2,068957 2,054336 1,980488 1,87888 1,776655 1,760919 1,710841 1,715949 1,750633 1,781569 1,765018 1,72526 1,722976 1,708674 1,656106 1,626298 1,611826 1,587526 1,523912 1,460297 1,410732 1,370802 1,330453 1,291387 1,23085 1,16972 1,12691 1,115591 1,101895 1,096555 1,090659 1,102173 1,097056 1,10322 1,126285 1,115506 1,089494 1,101546 1,069095 1,055454 1,065787 1,081643 1,098485 1,116205 1,134472 1,154963 1,161448 1,11334 1,05798 1,014525 1,011154
1,280376 1,299837 1,341833 1,353345 1,372257 1,40819 1,444123 1,474577 1,499777 1,52684 1,537261 1,551372 1,578073 1,604113 1,642957 1,701622 1,7801 1,862181 1,939857 1,989095 2,032195 2,057184 2,078783 2,05725 1,970175 1,841538 1,746643 1,698658 1,683812 1,74877 1,82332 1,824777 1,820301 1,759056 1,740955 1,715423 1,667367 1,619048 1,605676 1,59397 1,530355 1,512886 1,452142 1,412461 1,380867 1,33241 1,290362 1,269954 1,216429 1,19384 1,2157 1,231855 1,208867 1,229329 1,254701 1,286157 1,316184 1,324215 1,305272 1,285932 1,226973 1,184552 1,18014 1,198423 1,207429 1,22912 1,233759 1,251834 1,263773 1,219656 1,149651 1,105761 1,067155
1,23113 1,255383 1,297174 1,318081 1,343623 1,391995 1,439862 1,460474 1,500453 1,543652 1,589932 1,605503 1,63095 1,658385 1,704313 1,774587 1,841084 1,916877 1,981582 2,024778 2,056701 2,095569 2,100561 2,063205 1,969485 1,828912 1,721499 1,650652 1,652148 1,667539 1,75382 1,793017 1,819593 1,795993 1,764196 1,732188 1,686004 1,638268 1,610789 1,600413 1,588267 1,579996 1,527893 1,487495 1,434459 1,402705 1,402582 1,384265 1,377099 1,368403 1,393565 1,398782 1,439027 1,450429 1,463298 1,479471 1,58635 1,532068 1,400787 1,418828 1,372878 1,339535 1,304677 1,310495 1,325759 1,328457 1,337621 1,37007 1,368313 1,328509 1,096095 0,7356729 -9999
1,20858 1,230864 1,271366 1,314471 1,352236 1,392782 1,432363 1,480542 1,536374 1,613421 1,672432 1,731456 1,752582 1,771404 1,82302 1,86791 1,916635 1,962372 2,015284 2,059384 2,085562 2,119709 2,11619 2,063616 1,977924 1,825185 1,704425 1,621547 1,619126 1,669365 1,710409 1,707741 1,749911 1,776573 1,770941 1,735093 1,700946 1,659084 1,64337 1,643093 1,672609 1,647105 1,605649 1,574146 1,520842 1,503168 1,502153 1,522323 1,5396 1,547686 1,565592 1,59706 1,614181 1,608976 1,611319 1,584914 1,421926 1,36126 1,430899 1,457794 1,427897 1,460057 1,44156 1,417819 1,42411 1,420058 1,446024 1,347274 0,93939 -9999 -9999 -9999 -9999
1,218419 1,2392 1,265613 1,327169 1,388822 1,427596 1,478707 1,554593 1,631872 1,70302 1,763881 1,826714 1,869467 1,900212 1,92042 1,944357 1,985496 2,022848 2,0648 2,096486 2,115943 2,144675 2,115255 2,061352 1,949695 1,863707 1,71177 1,616014 1,587104 1,630698 1,694132 1,700935 1,724986 1,745331 1,748617 1,732109 1,701182 1,65739 1,666684 1,66693 1,692166 1,69816 1,696401 1,646855 1,630333 1,623586 1,615677 1,656057 1,671368 1,687155 1,697911 1,705422 1,710653 1,674693 1,593982 1,430483 1,267341 1,312127 1,426556 1,493944 1,549744 1,559414 1,531346 1,510397 1,490209 1,177368 0,7826846 -9999 -9999 -9999 -9999 -9999 -9999
1,252081 1,30203 1,348879 1,408208 1,460918 1,501754 1,576936 1,656078 1,719708 1,796623 1,861305 1,919757 1,960577 1,972029 1,987707 2,006797 2,030487 2,06367 2,106973 2,137064 2,144327 2,146747 2,131493 2,075591 1,974971 1,876311 1,769895 1,654967 1,562941 1,596336 1,650181 1,651731 1,660356 1,678525 1,712031 1,694259 1,683508 1,633917 1,642865 1,675017 1,697108 1,734263 1,752536 1,737682 1,724926 1,719922 1,717155 1,731246 1,745468 1,751374 1,766136 1,781492 1,753842 1,687704 1,57517 1,472052 1,492653 1,569806 1,619454 1,686711 1,729385 1,713248 1,366165 1,007462 0,6259791 -9999 -9999 -9999 -9999 -9999 -9999 -9999 -9999
1,335138 1,394099 1,449527 1,529139 1,581133 1,605075 1,682361 1,724777 1,793416 1,885433 1,93433 1,947603 1,986211 2,010585 2,038718 2,069171 2,095937 2,126811 2,166082 2,197949 2,192074 2,180825 2,16182 2,110819 2,050953 1,972622 1,827281 1,688075 1,619851 1,591907 1,629414 1,648471 1,673336 1,680276 1,687013 1,658745 1,643402 1,626703 1,645144 1,692538 1,725812 1,768585 1,800807 1,820678 1,817441 1,816104 1,800398 1,786914 1,796024 1,815669 1,810694 1,808728 1,784868 1,771516 1,698178 1,689303 1,733769 1,81304 1,880785 1,724451 1,29749 0,8375559 -9999 -9999 -9999 -9999 -9999 -9999 -9999 -9999 -9999 -9999 -9999
1,437791 1,513354 1,571125 1,635229 1,678508 1,714931 1,725742 1,789367 1,862826 1,936938 1,89992 1,941171 2,009525 2,05442 2,098999 2,143554 2,172503 2,201992 2,217709 2,233426 2,24485 2,238984 2,212579 2,190207 2,148869 2,06658 1,85008 1,728692 1,628916 1,608127 1,633992 1,665699 1,691435 1,704921 1,70884 1,685957 1,67546 1,677535 1,694982 1,727771 1,765881 1,821889 1,875185 1,90856 1,927709 1,889696 1,854788 1,617295 1,292214 1,139736 1,177067 1,232306 1,236424 1,220322 1,204221 1,188119 1,169621 1,153132 1,049385 0,6729907 -9999 -9999 -9999 -9999 -9999 -9999 -9999 -9999 -9999 -9999 -9999 -9999 -9999
1,535574 1,625715 1,690888 1,736221 1,760411 1,781414 1,786878 1,845637 1,882633 1,847105 1,877682 1,980198 2,070182 2,164662 2,237466 2,274503 2,291923 2,273249 2,277875 2,292009 2,299499 2,278003 2,249868 2,223127 2,175616 1,996489 1,796983 1,714576 1,620869 1,60602 1,641685 1,686189 1,72627 1,751534 1,770353 1,76609 1,754964 1,757714 1,770597 1,808467 1,851492 1,901634 1,968406 2,010399 1,992001 1,903765 1,548798 1,18996 0,8311028 -9999 -9999 -9999 -9999 -9999 -9999 -9999 -9999 -9999 -9999 -9999 -9999 -9999 -9999 -9999 -9999 -9999 -9999 -9999 -9999 -9999 -9999 -9999 -9999
1,719235 1,763889 1,813506 1,861471 1,871327 1,865805 1,854734 1,863419 1,811697 1,856111 1,951345 2,076302 2,199852 2,281739 2,333559 2,358971 2,360204 2,376434 2,345683 2,346711 2,330606 2,305341 2,233264 2,080641 1,998729 1,797537 1,638505 1,575746 1,549794 1,574909 1,629709 1,67497 1,719615 1,773308 1,805088 1,830398 1,853457 1,866902 1,860419 1,892286 1,929992 1,987279 2,059409 2,07338 1,857572 1,500185 1,165708 0,7442713 -9999 -9999 -9999 -9999 -9999 -9999 -9999 -9999 -9999 -9999 -9999 -9999 -9999 -9999 -9999 -9999 -9999 -9999 -9999 -9999 -9999 -9999 -9999 -9999 -9999
1,85449 1,907455 1,933374 1,952536 1,945131 1,925002 1,909006 1,854802 1,831859 1,913393 2,014773 2,1243 2,205594 2,288064 2,30969 2,318134 2,349594 2,313954 2,275552 2,236558 2,207967 2,10162 1,942323 1,864198 1,760849 1,607208 1,525923 1,479402 1,485234 1,508771 1,558663 1,617195 1,686004 1,765107 1,826128 1,860494 1,892201 1,918021 1,954895 1,970536 2,004307 2,062404 2,092319 1,831735 1,508644 1,071386 0,6108431 -9999 -9999 -9999 -9999 -9999 -9999 -9999 -9999 -9999 -9999 -9999 -9999 -9999 -9999 -9999 -9999 -9999 -9999 -9999 -9999 -9999 -9999 -9999 -9999 -9999 -9999
1,920517 1,979444 1,992786 1,998245 1,989035 1,977912 1,948477 1,897494 1,873797 1,935896 2,02853 2,119338 2,194977 2,246517 2,234247 2,201363 2,158752 2,118002 2,111278 2,028645 1,98158 1,884689 1,787338 1,716566 1,60962 1,517932 1,45309 1,434885 1,443716 1,444772 1,498211 1,571707 1,625691 1,686274 1,763994 1,818201 1,87052 1,930797 1,921699 1,96261 1,99966 2,053842 1,851579 1,3985 0,9379574 -9999 -9999 -9999 -9999 -9999 -9999 -9999 -9999 -9999 -9999 -9999 -9999 -9999 -9999 -9999 -9999 -9999 -9999 -9999 -9999 -9999 -9999 -9999 -9999 -9999 -9999 -9999 -9999
1,94561 1,971734 1,988561 1,985799 2,009756 1,960908 1,962636 1,944926 1,934806 1,958399 2,006148 2,018789 1,977719 1,964413 1,968419 2,00026 1,960444 1,943103 1,931259 1,887772 1,830139 1,778348 1,705061 1,633199 1,547361 1,482337 1,442382 1,423022 1,408154 1,402214 1,441978 1,505057 1,566025 1,627152 1,697512 1,747628 1,791268 1,827007 1,861213 1,883615 1,924144 1,725614 1,265072 0,8045292 -9999 -9999 -9999 -9999 -9999 -9999 -9999 -9999 -9999 -9999 -9999 -9999 -9999 -9999 -9999 -9999 -9999 -9999 -9999 -9999 -9999 -9999 -9999 -9999 -9999 -9999 -9999 -9999 -9999
1,898407 1,91502 1,92984 1,942776 1,962493 1,981501 1,985559 1,9752 1,904814 1,812571 1,806999 1,816882 1,835721 1,793529 1,769544 1,802396 1,83087 1,824399 1,793497 1,774937 1,748193 1,733656 1,668725 1,622388 1,555264 1,49061 1,436359 1,401439 1,375817 1,390599 1,421708 1,452968 1,513741 1,572605 1,610776 1,6529 1,698566 1,719866 1,749414 1,736501 1,547637 1,131644 0,671101 -9999 -9999 -9999 -9999 -9999 -9999 -9999 -9999 -9999 -9999 -9999 -9999 -9999 -9999 -9999 -9999 -9999 -9999 -9999 -9999 -9999 -9999 -9999 -9999 -9999 -9999 -9999 -9999 -9999 -9999
1,846233 1,855778 1,876627 1,889017 1,913973 1,954801 1,984898 1,885722 1,721619 1,626354 1,592173 1,617374 1,636537 1,651531 1,641176 1,685281 1,71717 1,721109 1,683821 1,671867 1,685426 1,675798 1,654127 1,64382 1,584404 1,555726 1,466214 1,403976 1,360692 1,362705 1,37728 1,397792 1,427978 1,470715 1,513625 1,569559 1,598435 1,618523 1,625091 1,281272 0,9982153 -9999 -9999 -9999 -9999 -9999 -9999 -9999 -9999 -9999 -9999 -9999 -9999 -9999 -9999 -9999 -9999 -9999 -9999 -9999 -9999 -9999 -9999 -9999 -9999 -9999 -9999 -9999 -9999 -9999 -9999 -9999 -9999
1,810436 1,808082 1,832963 1,846606 1,883044 1,925599 1,864541 1,651093 1,560174 1,427978 1,361671 1,414969 1,434631 1,453026 1,505758 1,551695 1,595957 1,609042 1,593616 1,596294 1,610129 1,640089 1,66876 1,670132 1,643761 1,595588 1,546457 1,488315 1,413377 1,338833 1,34546 1,356195 1,370603 1,397473 1,424579 1,437604 1,477931 1,466858 1,16529 0,8647871 -9999 -9999 -9999 -9999 -9999 -9999 -9999 -9999 -9999 -9999 -9999 -9999 -9999 -9999 -9999 -9999 -9999 -9999 -9999 -9999 -9999 -9999 -9999 -9999 -9999 -9999 -9999 -9999 -9999 -9999 -9999 -9999 -9999
1,770009 1,768377 1,790135 1,817712 1,85132 1,796234 1,620985 1,445251 1,26633 1,234626 1,157993 1,189605 1,251258 1,300617 1,367337 1,443604 1,491205 1,558582 1,546792 1,572723 1,585439 1,612079 1,668247 1,67731 1,642313 1,629061 1,613603 1,570042 1,478656 1,380378 1,345776 1,314013 1,306244 1,312452 1,332959 1,347401 1,144272 0,8893934 0,6482023 -9999 -9999 -9999 -9999 -9999 -9999 -9999 -9999 -9999 -9999 -9999 -9999 -9999 -9999 -9999 -9999 -9999 -9999 -9999 -9999 -9999 -9999 -9999 -9999 -9999 -9999 -9999 -9999 -9999 -9999 -9999 -9999 -9999 -9999
1,772544 1,744003 1,747673 1,772123 1,765924 1,573761 1,384334 1,2055 1,025961 0,9482587 1,023258 1,11203 1,169442 1,242057 1,304932 1,37776 1,418557 1,496017 1,542682 1,561955 1,569789 1,607996 1,632543 1,620952 1,591648 1,593354 1,581059 1,582827 1,542599 1,492176 1,432826 1,364944 1,312646 1,284472 1,152115 0,9423311 0,7407984 -9999 -9999 -9999 -9999 -9999 -9999 -9999 -9999 -9999 -9999 -9999 -9999 -9999 -9999 -9999 -9999 -9999 -9999 -9999 -9999 -9999 -9999 -9999 -9999 -9999 -9999 -9999 -9999 -9999 -9999 -9999 -9999 -9999 -9999 -9999 -9999
1,773395 1,736427 1,727395 1,711228 1,583854 1,395494 1,186752 0,9780097 0,8050883 0,911495 0,95899 1,04589 1,11616 1,228751 1,263005 1,412729 1,403736 1,397335 1,506818 1,56091 1,58898 1,632622 1,6062 1,585269 1,563488 1,563088 1,568069 1,550494 1,524518 1,479651 1,448059 1,415876 1,23646 1,034927 0,8333945 0,6318618 -9999 -9999 -9999 -9999 -9999 -9999 -9999 -9999 -9999 -9999 -9999 -9999 -9999 -9999 -9999 -9999 -9999 -9999 -9999 -9999 -9999 -9999 -9999 -9999 -9999 -9999 -9999 -9999 -9999 -9999 -9999 -9999 -9999 -9999 -9999 -9999 -9999
1,761409 1,700111 1,665776 1,527633 1,39427 1,233807 1,025065 0,8163226 0,8125515 0,8577125 0,8905887 1,011213 1,06992 1,100967 1,169896 1,229532 1,384865 1,385304 1,459561 1,57044 1,575782 1,579976 1,579202 1,593032 1,57054 1,539469 1,535674 1,496238 1,474922 1,464 1,409451 1,127523 0,9259906 0,7244579 -9999 -9999 -9999 -9999 -9999 -9999 -9999 -9999 -9999 -9999 -9999 -9999 -9999 -9999 -9999 -9999 -9999 -9999 -9999 -9999 -9999 -9999 -9999 -9999 -9999 -9999 -9999 -9999 -9999 -9999 -9999 -9999 -9999 -9999 -9999 -9999 -9999 -9999 -9999
1,695292 1,612572 1,459999 1,342341 1,208309 1,07212 0,8633777 0,7923932 0,8392505 0,8560097 0,9250224 1,025964 1,036536 1,047029 1,126935 1,17981 1,260579 1,360275 1,475702 1,516411 1,514866 1,478068 1,427503 1,47778 1,479109 1,472059 1,46032 1,439185 1,424052 1,292096 1,018587 0,817054 0,6155213 -9999 -9999 -9999 -9999 -9999 -9999 -9999 -9999 -9999 -9999 -9999 -9999 -9999 -9999 -9999 -9999 -9999 -9999 -9999 -9999 -9999 -9999 -9999 -9999 -9999 -9999 -9999 -9999 -9999 -9999 -9999 -9999 -9999 -9999 -9999 -9999 -9999 -9999 -9999 -9999
1,526695 1,380393 1,253875 1,116385 1,015496 0,888986 0,778012 0,808567 0,8493793 0,8791998 0,9470251 1,059058 1,107577 1,09737 1,141201 1,205373 1,300031 1,418068 1,448609 1,472718 1,523023 1,403673 1,310688 1,312564 1,335199 1,360356 1,38124 1,345103 1,164494 0,9096501 0,7081174 -9999 -9999 -9999 -9999 -9999 -9999 -9999 -9999 -9999 -9999 -9999 -9999 -9999 -9999 -9999 -9999 -9999 -9999 -9999 -9999 -9999 -9999 -9999 -9999 -9999 -9999 -9999 -9999 -9999 -9999 -9999 -9999 -9999 -9999 -9999 -9999 -9999 -9999 -9999 -9999 -9999 -9999
1,326619 1,153131 1,005621 0,8945599 0,7954996 0,7618596 0,7911114 0,8467075 0,8770114 0,9044659 0,9527104 1,03473 1,155245 1,207191 1,201652 1,233473 1,305066 1,362169 1,369925 1,395753 1,424155 1,375493 1,269421 1,275396 1,289302 1,303057 1,211016 1,035937 0,8007135 -9999 -9999 -9999 -9999 -9999 -9999 -9999 -9999 -9999 -9999 -9999 -9999 -9999 -9999 -9999 -9999 -9999 -9999 -9999 -9999 -9999 -9999 -9999 -9999 -9999 -9999 -9999 -9999 -9999 -9999 -9999 -9999 -9999 -9999 -9999 -9999 -9999 -9999 -9999 -9999 -9999 -9999 -9999 -9999
